GLOBAL OPTIMUM SEARCH OF RE-EVALUATED BINARY ONEMAX
WITH ADDED POSTERIOR NOISE ~N(0, SIGMA)

NUMBER OF FITNESS EVALUATIONS FOR   MMASib

DATE:   2015-12-26 (year-month-day)
TIME:   21:49:33 (hour:min:sec)
SEED:   1

EXPERIMENTS PERFORMED ON:   MacBook Pro (13" Retina, Beginning 2015)
OPERATING SYSTEM:   Mac OS X Version 10.11.1
PROCESSOR:   2.7GHz dual-core Intel Core i5 (Turbo Boost up to 3.1GHz) with 3MB shared L3 cache
MEMORY:   8GB of 1866MHz LPDDR3

DIMENSION SIGMA N_RE_EVALUATIONS OPTIMAL_RHO OPTIMAL_N_ANTS N_FITNESS_EVALUATIONS
100 0 1 0.048 4 1205
100 0.19764235376052372 1 0.057 7 1267
100 0.39528470752104744 1 0.066 5 1134
100 0.59292706128157113 1 0.072 8 1262
100 0.79056941504209488 1 0.08 5 1115
100 0.98821176880261863 1 0.072 7 1258
100 1.1858541225631423 1 0.075 5 1283
100 1.3834964763236659 1 0.075 8 1318
100 1.5811388300841895 1 0.069 6 1411
100 1.7787811838447132 1 0.068 7 1556
100 1.9764235376052368 1 0.062 5 1558
100 2.1740658913657605 1 0.059 7 1660
100 2.3717082451262841 1 0.054 5 1736
100 2.5693505988868077 1 0.052 7 1961
100 2.7669929526473314 1 0.046 4 2090
100 2.964635306407855 1 0.041 8 2444
100 3.1622776601683786 1 0.046 5 2146
100 3.3599200139289023 1 0.048 7 2512
100 3.5575623676894259 1 0.043 6 2482
100 3.7552047214499495 1 0.039 6 2794
100 3.9528470752104732 1 0.046 6 2769
100 4.1504894289709968 1 0.048 7 3035
100 4.3481317827315209 1 0.046 7 3307
100 4.545774136492045 1 0.044 6 3556
100 4.7434164902525691 1 0.044 8 3499
100 4.9410588440130931 1 0.037 5 3598
100 5.1387011977736172 1 0.038 7 3798
100 5.3363435515341413 1 0.043 6 4342
100 5.5339859052946654 1 0.037 7 4435
100 5.7316282590551895 1 0.034 6 4572
100 5.9292706128157135 1 0.031 6 4631
100 6.1269129665762376 1 0.033 7 5012
100 6.3245553203367617 1 0.026 5 5292
100 6.5221976740972858 1 0.033 7 5259
100 6.7198400278578099 1 0.035 7 6234
100 6.917482381618334 1 0.032 6 5919
100 7.115124735378858 1 0.026 7 6354
100 7.3127670891393821 1 0.028 6 6281
100 7.5104094428999062 1 0.023 6 6939
100 7.7080517966604303 1 0.026 7 6929
100 7.9056941504209544 1 0.026 5 6920
100 8.1033365041814776 1 0.023 8 8194
100 8.3009788579420007 1 0.028 7 8122
100 8.4986212117025239 1 0.023 5 8043
100 8.6962635654630471 1 0.024 8 8868
100 8.8939059192235703 1 0.023 5 8812
100 9.0915482729840935 1 0.025 8 9650
100 9.2891906267446167 1 0.025 6 9497
100 9.4868329805051399 1 0.023 6 9558
100 9.6844753342656631 1 0.019 6 10320
100 9.8821176880261863 1 0.022 7 10272
100 10.079760041786709 1 0.022 6 10937
100 10.277402395547233 1 0.024 7 11470
100 10.475044749307756 1 0.019 5 11390
100 10.672687103068279 1 0.018 7 12563
100 10.870329456828802 1 0.022 6 12867
