GLOBAL OPTIMUM SEARCH OF RE-EVALUATED BINARY ONEMAX
WITH ADDED POSTERIOR NOISE ~N(0, SIGMA)

NUMBER OF FITNESS EVALUATIONS FOR   (mu + 1)-EA

DATE:   2015-12-25 (year-month-day)
TIME:   10:2:29 (hour:min:sec)
SEED:   1

EXPERIMENTS PERFORMED ON:   MacBook Pro (13" Retina, Beginning 2015)
OPERATING SYSTEM:   Mac OS X Version 10.11.1
PROCESSOR:   2.7GHz dual-core Intel Core i5 (Turbo Boost up to 3.1GHz) with 3MB shared L3 cache
MEMORY:   8GB of 1866MHz LPDDR3

DIMENSION MU SIGMA N_RE_EVALUATIONS N_FITNESS_EVALUATIONS
100 12 0 10 247680
100 12 0 10 275040
100 12 0 10 210840
100 12 0 10 208200
100 12 0 10 304200
100 12 0 10 289800
100 12 0 10 317640
100 12 0 10 284280
100 12 0 10 289920
100 12 0 10 284640
100 12 0 10 219360
100 12 0 10 229920
100 12 0 10 232560
100 12 0 10 336960
100 12 0 10 178560
100 12 0 10 332280
100 12 0 10 228720
100 12 0 10 240120
100 12 0 10 249360
100 12 0 10 240960
100 12 0 10 294480
100 12 0 10 239280
100 12 0 10 237360
100 12 0 10 217680
100 12 0 10 255960
100 12 0 10 290520
100 12 0 10 410760
100 12 0 10 250320
100 12 0 10 213240
100 12 0 10 274440
100 12 0 10 248400
100 12 0 10 368640
100 12 0 10 257520
100 12 0 10 299160
100 12 0 10 245160
100 12 0 10 245280
100 12 0 10 240720
100 12 0 10 274440
100 12 0 10 242160
100 12 0 10 341880
100 12 0 10 271080
100 12 0 10 306840
100 12 0 10 298680
100 12 0 10 385080
100 12 0 10 305760
100 12 0 10 221400
100 12 0 10 270840
100 12 0 10 211320
100 12 0 10 369120
100 12 0 10 254040
100 12 0 10 210120
100 12 0 10 269880
100 12 0 10 260760
100 12 0 10 277920
100 12 0 10 319800
100 12 0 10 335280
100 12 0 10 277560
100 12 0 10 249480
100 12 0 10 188640
100 12 0 10 257400
100 12 0 10 173520
100 12 0 10 282600
100 12 0 10 215880
100 12 0 10 262800
100 12 0 10 303720
100 12 0 10 237000
100 12 0 10 270480
100 12 0 10 256440
100 12 0 10 254040
100 12 0 10 220440
100 12 0 10 305160
100 12 0 10 237120
100 12 0 10 211680
100 12 0 10 170160
100 12 0 10 315240
100 12 0 10 345960
100 12 0 10 197640
100 12 0 10 266280
100 12 0 10 275280
100 12 0 10 241560
100 12 0 10 201840
100 12 0 10 220200
100 12 0 10 326880
100 12 0 10 335760
100 12 0 10 352440
100 12 0 10 308040
100 12 0 10 294000
100 12 0 10 246840
100 12 0 10 227400
100 12 0 10 242640
100 12 1.5811388300841898 10 249720
100 12 1.5811388300841898 10 232440
100 12 1.5811388300841898 10 203160
100 12 1.5811388300841898 10 286800
100 12 1.5811388300841898 10 249240
100 12 1.5811388300841898 10 230040
100 12 1.5811388300841898 10 272640
100 12 1.5811388300841898 10 248760
100 12 1.5811388300841898 10 227400
100 12 1.5811388300841898 10 300840
100 12 1.5811388300841898 10 243120
100 12 1.5811388300841898 10 265680
100 12 1.5811388300841898 10 212760
100 12 1.5811388300841898 10 243960
100 12 1.5811388300841898 10 407160
100 12 1.5811388300841898 10 217560
100 12 1.5811388300841898 10 359520
100 12 1.5811388300841898 10 355080
100 12 1.5811388300841898 10 273600
100 12 1.5811388300841898 10 279840
100 12 1.5811388300841898 10 299040
100 12 1.5811388300841898 10 341640
100 12 1.5811388300841898 10 215520
100 12 1.5811388300841898 10 217200
100 12 1.5811388300841898 10 312000
100 12 1.5811388300841898 10 216120
100 12 1.5811388300841898 10 234960
100 12 1.5811388300841898 10 224280
100 12 1.5811388300841898 10 266040
100 12 1.5811388300841898 10 236640
100 12 1.5811388300841898 10 229320
100 12 1.5811388300841898 10 205680
100 12 1.5811388300841898 10 236760
100 12 1.5811388300841898 10 263880
100 12 1.5811388300841898 10 319200
100 12 1.5811388300841898 10 208200
100 12 1.5811388300841898 10 172200
100 12 1.5811388300841898 10 249960
100 12 1.5811388300841898 10 230280
100 12 1.5811388300841898 10 210840
100 12 1.5811388300841898 10 350880
100 12 1.5811388300841898 10 206040
100 12 1.5811388300841898 10 274080
100 12 1.5811388300841898 10 371640
100 12 1.5811388300841898 10 258600
100 12 1.5811388300841898 10 350400
100 12 1.5811388300841898 10 246480
100 12 1.5811388300841898 10 311880
100 12 1.5811388300841898 10 280200
100 12 1.5811388300841898 10 257520
100 12 1.5811388300841898 10 358560
100 12 1.5811388300841898 10 192480
100 12 1.5811388300841898 10 261120
100 12 1.5811388300841898 10 251760
100 12 1.5811388300841898 10 240720
100 12 1.5811388300841898 10 324000
100 12 1.5811388300841898 10 241560
100 12 1.5811388300841898 10 325800
100 12 1.5811388300841898 10 285960
100 12 1.5811388300841898 10 265920
100 12 1.5811388300841898 10 266400
100 12 1.5811388300841898 10 195600
100 12 1.5811388300841898 10 296520
100 12 1.5811388300841898 10 231600
100 12 1.5811388300841898 10 195120
100 12 1.5811388300841898 10 271320
100 12 1.5811388300841898 10 320880
100 12 1.5811388300841898 10 274800
100 12 1.5811388300841898 10 269160
100 12 1.5811388300841898 10 271080
100 12 1.5811388300841898 10 318600
100 12 1.5811388300841898 10 290160
100 12 1.5811388300841898 10 277920
100 12 1.5811388300841898 10 333960
100 12 1.5811388300841898 10 295320
100 12 1.5811388300841898 10 241800
100 12 1.5811388300841898 10 369120
100 12 1.5811388300841898 10 322440
100 12 1.5811388300841898 10 267240
100 12 1.5811388300841898 10 262440
100 12 1.5811388300841898 10 272040
100 12 1.5811388300841898 10 223920
100 12 1.5811388300841898 10 222720
100 12 1.5811388300841898 10 211680
100 12 1.5811388300841898 10 200160
100 12 1.5811388300841898 10 253560
100 12 1.5811388300841898 10 203640
100 12 1.5811388300841898 10 253560
100 12 1.5811388300841898 10 209400
100 12 1.5811388300841898 10 314520
100 12 3.1622776601683795 10 403080
100 12 3.1622776601683795 10 337200
100 12 3.1622776601683795 10 391680
100 12 3.1622776601683795 10 315720
100 12 3.1622776601683795 10 282120
100 12 3.1622776601683795 10 296640
100 12 3.1622776601683795 10 223440
100 12 3.1622776601683795 10 348600
100 12 3.1622776601683795 10 280200
100 12 3.1622776601683795 10 367920
100 12 3.1622776601683795 10 328560
100 12 3.1622776601683795 10 323880
100 12 3.1622776601683795 10 325560
100 12 3.1622776601683795 10 259080
100 12 3.1622776601683795 10 249480
100 12 3.1622776601683795 10 224760
100 12 3.1622776601683795 10 218520
100 12 3.1622776601683795 10 306240
100 12 3.1622776601683795 10 403080
100 12 3.1622776601683795 10 264480
100 12 3.1622776601683795 10 314640
100 12 3.1622776601683795 10 261960
100 12 3.1622776601683795 10 299400
100 12 3.1622776601683795 10 321240
100 12 3.1622776601683795 10 320400
100 12 3.1622776601683795 10 282840
100 12 3.1622776601683795 10 220800
100 12 3.1622776601683795 10 327600
100 12 3.1622776601683795 10 279360
100 12 3.1622776601683795 10 327240
100 12 3.1622776601683795 10 258240
100 12 3.1622776601683795 10 351840
100 12 3.1622776601683795 10 240720
100 12 3.1622776601683795 10 260880
100 12 3.1622776601683795 10 213120
100 12 3.1622776601683795 10 330840
100 12 3.1622776601683795 10 316920
100 12 3.1622776601683795 10 348600
100 12 3.1622776601683795 10 426480
100 12 3.1622776601683795 10 269520
100 12 3.1622776601683795 10 303240
100 12 3.1622776601683795 10 221040
100 12 3.1622776601683795 10 257040
100 12 3.1622776601683795 10 233520
100 12 3.1622776601683795 10 269400
100 12 3.1622776601683795 10 303120
100 12 3.1622776601683795 10 314520
100 12 3.1622776601683795 10 357000
100 12 3.1622776601683795 10 357840
100 12 3.1622776601683795 10 317400
100 12 3.1622776601683795 10 386880
100 12 3.1622776601683795 10 265320
100 12 3.1622776601683795 10 456360
100 12 3.1622776601683795 10 257400
100 12 3.1622776601683795 10 324360
100 12 3.1622776601683795 10 393000
100 12 3.1622776601683795 10 264120
100 12 3.1622776601683795 10 250440
100 12 3.1622776601683795 10 312000
100 12 3.1622776601683795 10 311280
100 12 3.1622776601683795 10 424080
100 12 3.1622776601683795 10 369120
100 12 3.1622776601683795 10 333000
100 12 3.1622776601683795 10 249000
100 12 3.1622776601683795 10 250080
100 12 3.1622776601683795 10 246240
100 12 3.1622776601683795 10 274200
100 12 3.1622776601683795 10 312120
100 12 3.1622776601683795 10 303000
100 12 3.1622776601683795 10 313560
100 12 3.1622776601683795 10 317160
100 12 3.1622776601683795 10 369600
100 12 3.1622776601683795 10 397440
100 12 3.1622776601683795 10 261360
100 12 3.1622776601683795 10 388560
100 12 3.1622776601683795 10 264840
100 12 3.1622776601683795 10 573000
100 12 3.1622776601683795 10 242160
100 12 3.1622776601683795 10 364320
100 12 3.1622776601683795 10 220080
100 12 3.1622776601683795 10 222600
100 12 3.1622776601683795 10 236160
100 12 3.1622776601683795 10 351120
100 12 3.1622776601683795 10 238320
100 12 3.1622776601683795 10 293880
100 12 3.1622776601683795 10 266520
100 12 3.1622776601683795 10 402480
100 12 3.1622776601683795 10 263280
100 12 3.1622776601683795 10 330960
100 12 3.1622776601683795 10 305160
100 12 4.7434164902525691 10 430560
100 12 4.7434164902525691 10 287760
100 12 4.7434164902525691 10 374160
100 12 4.7434164902525691 10 257280
100 12 4.7434164902525691 10 267720
100 12 4.7434164902525691 10 310440
100 12 4.7434164902525691 10 250320
100 12 4.7434164902525691 10 341520
100 12 4.7434164902525691 10 350400
100 12 4.7434164902525691 10 433320
100 12 4.7434164902525691 10 215400
100 12 4.7434164902525691 10 350760
100 12 4.7434164902525691 10 339360
100 12 4.7434164902525691 10 257760
100 12 4.7434164902525691 10 330240
100 12 4.7434164902525691 10 275880
100 12 4.7434164902525691 10 458760
100 12 4.7434164902525691 10 322920
100 12 4.7434164902525691 10 307440
100 12 4.7434164902525691 10 350280
100 12 4.7434164902525691 10 400440
100 12 4.7434164902525691 10 373920
100 12 4.7434164902525691 10 353040
100 12 4.7434164902525691 10 599640
100 12 4.7434164902525691 10 333960
100 12 4.7434164902525691 10 411120
100 12 4.7434164902525691 10 274320
100 12 4.7434164902525691 10 251760
100 12 4.7434164902525691 10 250800
100 12 4.7434164902525691 10 309960
100 12 4.7434164902525691 10 517680
100 12 4.7434164902525691 10 430560
100 12 4.7434164902525691 10 246240
100 12 4.7434164902525691 10 283080
100 12 4.7434164902525691 10 350160
100 12 4.7434164902525691 10 379320
100 12 4.7434164902525691 10 326040
100 12 4.7434164902525691 10 548160
100 12 4.7434164902525691 10 324600
100 12 4.7434164902525691 10 389520
100 12 4.7434164902525691 10 366960
100 12 4.7434164902525691 10 288600
100 12 4.7434164902525691 10 289320
100 12 4.7434164902525691 10 285840
100 12 4.7434164902525691 10 443280
100 12 4.7434164902525691 10 311640
100 12 4.7434164902525691 10 447000
100 12 4.7434164902525691 10 363480
100 12 4.7434164902525691 10 372000
100 12 4.7434164902525691 10 322920
100 12 4.7434164902525691 10 417600
100 12 4.7434164902525691 10 340080
100 12 4.7434164902525691 10 359760
100 12 4.7434164902525691 10 416640
100 12 4.7434164902525691 10 371520
100 12 4.7434164902525691 10 404640
100 12 4.7434164902525691 10 427440
100 12 4.7434164902525691 10 362760
100 12 4.7434164902525691 10 307920
100 12 4.7434164902525691 10 419520
100 12 4.7434164902525691 10 295080
100 12 4.7434164902525691 10 347400
100 12 4.7434164902525691 10 324240
100 12 4.7434164902525691 10 268920
100 12 4.7434164902525691 10 354240
100 12 4.7434164902525691 10 406080
100 12 4.7434164902525691 10 346800
100 12 4.7434164902525691 10 355440
100 12 4.7434164902525691 10 411000
100 12 4.7434164902525691 10 326040
100 12 4.7434164902525691 10 287400
100 12 4.7434164902525691 10 314160
100 12 4.7434164902525691 10 284400
100 12 4.7434164902525691 10 280680
100 12 4.7434164902525691 10 344640
100 12 4.7434164902525691 10 327000
100 12 4.7434164902525691 10 341640
100 12 4.7434164902525691 10 389040
100 12 4.7434164902525691 10 391680
100 12 4.7434164902525691 10 517320
100 12 4.7434164902525691 10 414000
100 12 4.7434164902525691 10 474480
100 12 4.7434164902525691 10 395880
100 12 4.7434164902525691 10 306360
100 12 4.7434164902525691 10 579720
100 12 4.7434164902525691 10 370680
100 12 4.7434164902525691 10 469560
100 12 4.7434164902525691 10 268440
100 12 4.7434164902525691 10 460080
100 12 4.7434164902525691 10 343680
100 12 6.324555320336759 10 509760
100 12 6.324555320336759 10 351360
100 12 6.324555320336759 10 410280
100 12 6.324555320336759 10 381720
100 12 6.324555320336759 10 431280
100 12 6.324555320336759 10 701400
100 12 6.324555320336759 10 399240
100 12 6.324555320336759 10 379800
100 12 6.324555320336759 10 423360
100 12 6.324555320336759 10 311400
100 12 6.324555320336759 10 318960
100 12 6.324555320336759 10 620880
100 12 6.324555320336759 10 422160
100 12 6.324555320336759 10 560520
100 12 6.324555320336759 10 350400
100 12 6.324555320336759 10 463800
100 12 6.324555320336759 10 438960
100 12 6.324555320336759 10 422040
100 12 6.324555320336759 10 394200
100 12 6.324555320336759 10 429240
100 12 6.324555320336759 10 366120
100 12 6.324555320336759 10 351840
100 12 6.324555320336759 10 477960
100 12 6.324555320336759 10 687360
100 12 6.324555320336759 10 280800
100 12 6.324555320336759 10 407040
100 12 6.324555320336759 10 551280
100 12 6.324555320336759 10 432600
100 12 6.324555320336759 10 425160
100 12 6.324555320336759 10 479880
100 12 6.324555320336759 10 417480
100 12 6.324555320336759 10 436800
100 12 6.324555320336759 10 524760
100 12 6.324555320336759 10 514800
100 12 6.324555320336759 10 402600
100 12 6.324555320336759 10 356040
100 12 6.324555320336759 10 425520
100 12 6.324555320336759 10 319080
100 12 6.324555320336759 10 494160
100 12 6.324555320336759 10 437520
100 12 6.324555320336759 10 378840
100 12 6.324555320336759 10 421080
100 12 6.324555320336759 10 623520
100 12 6.324555320336759 10 406080
100 12 6.324555320336759 10 659640
100 12 6.324555320336759 10 569400
100 12 6.324555320336759 10 491280
100 12 6.324555320336759 10 386400
100 12 6.324555320336759 10 296880
100 12 6.324555320336759 10 663120
100 12 6.324555320336759 10 441840
100 12 6.324555320336759 10 349320
100 12 6.324555320336759 10 336480
100 12 6.324555320336759 10 339360
100 12 6.324555320336759 10 421200
100 12 6.324555320336759 10 304080
100 12 6.324555320336759 10 318240
100 12 6.324555320336759 10 400080
100 12 6.324555320336759 10 412200
100 12 6.324555320336759 10 296520
100 12 6.324555320336759 10 391440
100 12 6.324555320336759 10 339120
100 12 6.324555320336759 10 356760
100 12 6.324555320336759 10 526560
100 12 6.324555320336759 10 606600
100 12 6.324555320336759 10 327480
100 12 6.324555320336759 10 386640
100 12 6.324555320336759 10 543360
100 12 6.324555320336759 10 345840
100 12 6.324555320336759 10 389520
100 12 6.324555320336759 10 298800
100 12 6.324555320336759 10 513600
100 12 6.324555320336759 10 385320
100 12 6.324555320336759 10 535320
100 12 6.324555320336759 10 513240
100 12 6.324555320336759 10 304200
100 12 6.324555320336759 10 464040
100 12 6.324555320336759 10 439800
100 12 6.324555320336759 10 376080
100 12 6.324555320336759 10 418200
100 12 6.324555320336759 10 331560
100 12 6.324555320336759 10 727680
100 12 6.324555320336759 10 612960
100 12 6.324555320336759 10 452400
100 12 6.324555320336759 10 547560
100 12 6.324555320336759 10 546360
100 12 6.324555320336759 10 266640
100 12 6.324555320336759 10 449880
100 12 6.324555320336759 10 342720
100 12 6.324555320336759 10 420000
100 12 7.905694150420949 10 727800
100 12 7.905694150420949 10 482880
100 12 7.905694150420949 10 528960
100 12 7.905694150420949 10 423360
100 12 7.905694150420949 10 554400
100 12 7.905694150420949 10 525000
100 12 7.905694150420949 10 391800
100 12 7.905694150420949 10 484560
100 12 7.905694150420949 10 765840
100 12 7.905694150420949 10 411240
100 12 7.905694150420949 10 790680
100 12 7.905694150420949 10 969480
100 12 7.905694150420949 10 376080
100 12 7.905694150420949 10 520920
100 12 7.905694150420949 10 776880
100 12 7.905694150420949 10 465960
100 12 7.905694150420949 10 451440
100 12 7.905694150420949 10 471840
100 12 7.905694150420949 10 460560
100 12 7.905694150420949 10 379920
100 12 7.905694150420949 10 799080
100 12 7.905694150420949 10 436320
100 12 7.905694150420949 10 773160
100 12 7.905694150420949 10 516240
100 12 7.905694150420949 10 477720
100 12 7.905694150420949 10 792120
100 12 7.905694150420949 10 501960
100 12 7.905694150420949 10 483240
100 12 7.905694150420949 10 609720
100 12 7.905694150420949 10 525720
100 12 7.905694150420949 10 602280
100 12 7.905694150420949 10 605520
100 12 7.905694150420949 10 431280
100 12 7.905694150420949 10 516000
100 12 7.905694150420949 10 466320
100 12 7.905694150420949 10 417000
100 12 7.905694150420949 10 544200
100 12 7.905694150420949 10 411480
100 12 7.905694150420949 10 470400
100 12 7.905694150420949 10 378240
100 12 7.905694150420949 10 629400
100 12 7.905694150420949 10 498000
100 12 7.905694150420949 10 521280
100 12 7.905694150420949 10 626520
100 12 7.905694150420949 10 384960
100 12 7.905694150420949 10 559440
100 12 7.905694150420949 10 867720
100 12 7.905694150420949 10 658200
100 12 7.905694150420949 10 862680
100 12 7.905694150420949 10 797400
100 12 7.905694150420949 10 438360
100 12 7.905694150420949 10 351480
100 12 7.905694150420949 10 966480
100 12 7.905694150420949 10 907680
100 12 7.905694150420949 10 507600
100 12 7.905694150420949 10 523680
100 12 7.905694150420949 10 559680
100 12 7.905694150420949 10 552720
100 12 7.905694150420949 10 599040
100 12 7.905694150420949 10 345960
100 12 7.905694150420949 10 705720
100 12 7.905694150420949 10 425040
100 12 7.905694150420949 10 480720
100 12 7.905694150420949 10 494520
100 12 7.905694150420949 10 360960
100 12 7.905694150420949 10 322920
100 12 7.905694150420949 10 495840
100 12 7.905694150420949 10 916200
100 12 7.905694150420949 10 617400
100 12 7.905694150420949 10 462840
100 12 7.905694150420949 10 629760
100 12 7.905694150420949 10 949320
100 12 7.905694150420949 10 317760
100 12 7.905694150420949 10 642120
100 12 7.905694150420949 10 407400
100 12 7.905694150420949 10 666480
100 12 7.905694150420949 10 452160
100 12 7.905694150420949 10 508920
100 12 7.905694150420949 10 554520
100 12 7.905694150420949 10 438240
100 12 7.905694150420949 10 421800
100 12 7.905694150420949 10 733320
100 12 7.905694150420949 10 425520
100 12 7.905694150420949 10 477360
100 12 7.905694150420949 10 635040
100 12 7.905694150420949 10 673920
100 12 7.905694150420949 10 439680
100 12 7.905694150420949 10 538920
100 12 7.905694150420949 10 912360
100 12 7.905694150420949 10 550440
100 12 9.4868329805051381 10 816120
100 12 9.4868329805051381 10 563880
100 12 9.4868329805051381 10 1130760
100 12 9.4868329805051381 10 504240
100 12 9.4868329805051381 10 791400
100 12 9.4868329805051381 10 562920
100 12 9.4868329805051381 10 585120
100 12 9.4868329805051381 10 1563120
100 12 9.4868329805051381 10 820560
100 12 9.4868329805051381 10 911280
100 12 9.4868329805051381 10 1158960
100 12 9.4868329805051381 10 700200
100 12 9.4868329805051381 10 552120
100 12 9.4868329805051381 10 501120
100 12 9.4868329805051381 10 589560
100 12 9.4868329805051381 10 375720
100 12 9.4868329805051381 10 679200
100 12 9.4868329805051381 10 786000
100 12 9.4868329805051381 10 490320
100 12 9.4868329805051381 10 937560
100 12 9.4868329805051381 10 1079280
100 12 9.4868329805051381 10 828240
100 12 9.4868329805051381 10 637800
100 12 9.4868329805051381 10 1376400
100 12 9.4868329805051381 10 1211640
100 12 9.4868329805051381 10 1787400
100 12 9.4868329805051381 10 525840
100 12 9.4868329805051381 10 570360
100 12 9.4868329805051381 10 1164360
100 12 9.4868329805051381 10 784800
100 12 9.4868329805051381 10 1206000
100 12 9.4868329805051381 10 639720
100 12 9.4868329805051381 10 706080
100 12 9.4868329805051381 10 736560
100 12 9.4868329805051381 10 469200
100 12 9.4868329805051381 10 288360
100 12 9.4868329805051381 10 1331760
100 12 9.4868329805051381 10 720480
100 12 9.4868329805051381 10 855480
100 12 9.4868329805051381 10 859560
100 12 9.4868329805051381 10 695760
100 12 9.4868329805051381 10 463440
100 12 9.4868329805051381 10 396120
100 12 9.4868329805051381 10 561000
100 12 9.4868329805051381 10 671040
100 12 9.4868329805051381 10 584520
100 12 9.4868329805051381 10 645840
100 12 9.4868329805051381 10 1289520
100 12 9.4868329805051381 10 465960
100 12 9.4868329805051381 10 1123440
100 12 9.4868329805051381 10 839760
100 12 9.4868329805051381 10 1100160
100 12 9.4868329805051381 10 874320
100 12 9.4868329805051381 10 957480
100 12 9.4868329805051381 10 678600
100 12 9.4868329805051381 10 514560
100 12 9.4868329805051381 10 1078800
100 12 9.4868329805051381 10 1036680
100 12 9.4868329805051381 10 399960
100 12 9.4868329805051381 10 534720
100 12 9.4868329805051381 10 428760
100 12 9.4868329805051381 10 417960
100 12 9.4868329805051381 10 553680
100 12 9.4868329805051381 10 1604880
100 12 9.4868329805051381 10 723720
100 12 9.4868329805051381 10 1436040
100 12 9.4868329805051381 10 414960
100 12 9.4868329805051381 10 811560
100 12 9.4868329805051381 10 679320
100 12 9.4868329805051381 10 1346040
100 12 9.4868329805051381 10 669600
100 12 9.4868329805051381 10 556560
100 12 9.4868329805051381 10 751080
100 12 9.4868329805051381 10 874440
100 12 9.4868329805051381 10 782160
100 12 9.4868329805051381 10 642600
100 12 9.4868329805051381 10 935040
100 12 9.4868329805051381 10 559800
100 12 9.4868329805051381 10 687720
100 12 9.4868329805051381 10 607560
100 12 9.4868329805051381 10 489240
100 12 9.4868329805051381 10 739560
100 12 9.4868329805051381 10 598440
100 12 9.4868329805051381 10 922200
100 12 9.4868329805051381 10 996000
100 12 9.4868329805051381 10 544200
100 12 9.4868329805051381 10 1175640
100 12 9.4868329805051381 10 1256520
100 12 9.4868329805051381 10 911160
100 12 9.4868329805051381 10 456240
100 12 11.067971810589327 10 1315680
100 12 11.067971810589327 10 1030800
100 12 11.067971810589327 10 964200
100 12 11.067971810589327 10 2341680
100 12 11.067971810589327 10 691440
100 12 11.067971810589327 10 1960920
100 12 11.067971810589327 10 1524840
100 12 11.067971810589327 10 1256640
100 12 11.067971810589327 10 1098480
100 12 11.067971810589327 10 825960
100 12 11.067971810589327 10 1610640
100 12 11.067971810589327 10 745200
100 12 11.067971810589327 10 1366800
100 12 11.067971810589327 10 617400
100 12 11.067971810589327 10 1165800
100 12 11.067971810589327 10 555720
100 12 11.067971810589327 10 1395000
100 12 11.067971810589327 10 1523400
100 12 11.067971810589327 10 2527560
100 12 11.067971810589327 10 644760
100 12 11.067971810589327 10 470040
100 12 11.067971810589327 10 1233240
100 12 11.067971810589327 10 959400
100 12 11.067971810589327 10 775920
100 12 11.067971810589327 10 666720
100 12 11.067971810589327 10 1106520
100 12 11.067971810589327 10 1900560
100 12 11.067971810589327 10 1173240
100 12 11.067971810589327 10 1298040
100 12 11.067971810589327 10 635640
100 12 11.067971810589327 10 720360
100 12 11.067971810589327 10 1943520
100 12 11.067971810589327 10 483960
100 12 11.067971810589327 10 1580040
100 12 11.067971810589327 10 1403760
100 12 11.067971810589327 10 1224840
100 12 11.067971810589327 10 441720
100 12 11.067971810589327 10 1726560
100 12 11.067971810589327 10 1783200
100 12 11.067971810589327 10 1416600
100 12 11.067971810589327 10 596160
100 12 11.067971810589327 10 1888200
100 12 11.067971810589327 10 1249920
100 12 11.067971810589327 10 3510000
100 12 11.067971810589327 10 672840
100 12 11.067971810589327 10 853440
100 12 11.067971810589327 10 2658000
100 12 11.067971810589327 10 3510120
100 12 11.067971810589327 10 728400
100 12 11.067971810589327 10 1385040
100 12 11.067971810589327 10 929280
100 12 11.067971810589327 10 663000
100 12 11.067971810589327 10 610920
100 12 11.067971810589327 10 2163240
100 12 11.067971810589327 10 3570600
100 12 11.067971810589327 10 1097880
100 12 11.067971810589327 10 1158120
100 12 11.067971810589327 10 978120
100 12 11.067971810589327 10 1074360
100 12 11.067971810589327 10 1306920
100 12 11.067971810589327 10 1947360
100 12 11.067971810589327 10 1075680
100 12 11.067971810589327 10 2118120
100 12 11.067971810589327 10 675360
100 12 11.067971810589327 10 811080
100 12 11.067971810589327 10 1422600
100 12 11.067971810589327 10 2139000
100 12 11.067971810589327 10 791760
100 12 11.067971810589327 10 1345080
100 12 11.067971810589327 10 859440
100 12 11.067971810589327 10 1783200
100 12 11.067971810589327 10 1572120
100 12 11.067971810589327 10 906000
100 12 11.067971810589327 10 468960
100 12 11.067971810589327 10 962640
100 12 11.067971810589327 10 1401720
100 12 11.067971810589327 10 686160
100 12 11.067971810589327 10 1460640
100 12 11.067971810589327 10 601080
100 12 11.067971810589327 10 3112800
100 12 11.067971810589327 10 1045920
100 12 11.067971810589327 10 910200
100 12 11.067971810589327 10 1012320
100 12 11.067971810589327 10 1087080
100 12 11.067971810589327 10 1845720
100 12 11.067971810589327 10 1781880
100 12 11.067971810589327 10 2205360
100 12 11.067971810589327 10 684000
100 12 11.067971810589327 10 1266480
100 12 11.067971810589327 10 1127040
100 12 12.649110640673516 10 4652280
100 12 12.649110640673516 10 5952360
100 12 12.649110640673516 10 1764960
100 12 12.649110640673516 10 729600
100 12 12.649110640673516 10 1482840
100 12 12.649110640673516 10 2635440
100 12 12.649110640673516 10 2722320
100 12 12.649110640673516 10 1949520
100 12 12.649110640673516 10 7331280
100 12 12.649110640673516 10 519240
100 12 12.649110640673516 10 1927680
100 12 12.649110640673516 10 2117760
100 12 12.649110640673516 10 2874480
100 12 12.649110640673516 10 1533480
100 12 12.649110640673516 10 1144680
100 12 12.649110640673516 10 5483040
100 12 12.649110640673516 10 1896120
100 12 12.649110640673516 10 2418840
100 12 12.649110640673516 10 726000
100 12 12.649110640673516 10 2315160
100 12 12.649110640673516 10 2490960
100 12 12.649110640673516 10 2821440
100 12 12.649110640673516 10 1038000
100 12 12.649110640673516 10 2249160
100 12 12.649110640673516 10 7524600
100 12 12.649110640673516 10 5757840
100 12 12.649110640673516 10 3473160
100 12 12.649110640673516 10 1297200
100 12 12.649110640673516 10 4178400
100 12 12.649110640673516 10 1542000
100 12 12.649110640673516 10 575640
100 12 12.649110640673516 10 3347280
100 12 12.649110640673516 10 1739280
100 12 12.649110640673516 10 970440
100 12 12.649110640673516 10 3855120
100 12 12.649110640673516 10 4122000
100 12 12.649110640673516 10 794520
100 12 12.649110640673516 10 651360
100 12 12.649110640673516 10 752520
100 12 12.649110640673516 10 1236000
100 12 12.649110640673516 10 1338720
100 12 12.649110640673516 10 2577000
100 12 12.649110640673516 10 804480
100 12 12.649110640673516 10 5583960
100 12 12.649110640673516 10 833880
100 12 12.649110640673516 10 2255160
100 12 12.649110640673516 10 3340320
100 12 12.649110640673516 10 3680160
100 12 12.649110640673516 10 1299600
100 12 12.649110640673516 10 3210000
100 12 12.649110640673516 10 659760
100 12 12.649110640673516 10 3109080
100 12 12.649110640673516 10 2134080
100 12 12.649110640673516 10 761760
100 12 12.649110640673516 10 5539560
100 12 12.649110640673516 10 649800
100 12 12.649110640673516 10 997440
100 12 12.649110640673516 10 2844480
100 12 12.649110640673516 10 9082080
100 12 12.649110640673516 10 587880
100 12 12.649110640673516 10 6709080
100 12 12.649110640673516 10 1243560
100 12 12.649110640673516 10 1984680
100 12 12.649110640673516 10 1093200
100 12 12.649110640673516 10 6339720
100 12 12.649110640673516 10 4247880
100 12 12.649110640673516 10 10129680
100 12 12.649110640673516 10 579720
100 12 12.649110640673516 10 3014040
100 12 12.649110640673516 10 2318640
100 12 12.649110640673516 10 18411240
100 12 12.649110640673516 10 1735320
100 12 12.649110640673516 10 1198920
100 12 12.649110640673516 10 1008840
100 12 12.649110640673516 10 1731480
100 12 12.649110640673516 10 5982000
100 12 12.649110640673516 10 2486160
100 12 12.649110640673516 10 7997400
100 12 12.649110640673516 10 3192480
100 12 12.649110640673516 10 2764080
100 12 12.649110640673516 10 6255600
100 12 12.649110640673516 10 1570800
100 12 12.649110640673516 10 1510800
100 12 12.649110640673516 10 690840
100 12 12.649110640673516 10 1689360
100 12 12.649110640673516 10 1559520
100 12 12.649110640673516 10 577680
100 12 12.649110640673516 10 2863440
100 12 12.649110640673516 10 1304640
100 12 12.649110640673516 10 1101360
100 12 14.230249470757705 10 30726600
100 12 14.230249470757705 10 2071440
100 12 14.230249470757705 10 4070520
100 12 14.230249470757705 10 6250080
100 12 14.230249470757705 10 6404520
100 12 14.230249470757705 10 7443480
100 12 14.230249470757705 10 1771680
100 12 14.230249470757705 10 8625720
100 12 14.230249470757705 10 56634720
100 12 14.230249470757705 10 5258880
100 12 14.230249470757705 10 19833240
100 12 14.230249470757705 10 1582800
100 12 14.230249470757705 10 3616320
100 12 14.230249470757705 10 2772960
100 12 14.230249470757705 10 28023600
100 12 14.230249470757705 10 9425400
100 12 14.230249470757705 10 14199000
100 12 14.230249470757705 10 3426360
100 12 14.230249470757705 10 13607760
100 12 14.230249470757705 10 27429960
100 12 14.230249470757705 10 19137000
100 12 14.230249470757705 10 30452520
100 12 14.230249470757705 10 16394880
100 12 14.230249470757705 10 16084800
100 12 14.230249470757705 10 23081640
100 12 14.230249470757705 10 14356320
100 12 14.230249470757705 10 21267240
100 12 14.230249470757705 10 5760360
100 12 14.230249470757705 10 1746120
100 12 14.230249470757705 10 1593360
100 12 14.230249470757705 10 5220840
100 12 14.230249470757705 10 3320640
100 12 14.230249470757705 10 5763360
100 12 14.230249470757705 10 2585280
100 12 14.230249470757705 10 4844760
100 12 14.230249470757705 10 3293640
100 12 14.230249470757705 10 12360000
100 12 14.230249470757705 10 23315400
100 12 14.230249470757705 10 10497120
100 12 14.230249470757705 10 3408120
100 12 14.230249470757705 10 22405200
100 12 14.230249470757705 10 8544240
100 12 14.230249470757705 10 6940080
100 12 14.230249470757705 10 22293360
100 12 14.230249470757705 10 7791240
100 12 14.230249470757705 10 2406600
100 12 14.230249470757705 10 16322640
100 12 14.230249470757705 10 34110360
100 12 14.230249470757705 10 2765520
100 12 14.230249470757705 10 20412960
100 12 14.230249470757705 10 4375440
100 12 14.230249470757705 10 7409280
100 12 14.230249470757705 10 3112200
100 12 14.230249470757705 10 1670040
100 12 14.230249470757705 10 14305200
100 12 14.230249470757705 10 18779400
100 12 14.230249470757705 10 1433400
100 12 14.230249470757705 10 7368240
100 12 14.230249470757705 10 7694760
100 12 14.230249470757705 10 2065200
100 12 14.230249470757705 10 3606120
100 12 14.230249470757705 10 3831960
100 12 14.230249470757705 10 3777240
100 12 14.230249470757705 10 7602960
100 12 14.230249470757705 10 1828560
100 12 14.230249470757705 10 3941400
100 12 14.230249470757705 10 11628000
100 12 14.230249470757705 10 9391080
100 12 14.230249470757705 10 16931040
100 12 14.230249470757705 10 2786760
100 12 14.230249470757705 10 2688480
100 12 14.230249470757705 10 1434120
100 12 14.230249470757705 10 7884240
100 12 14.230249470757705 10 1743720
100 12 14.230249470757705 10 11525640
100 12 14.230249470757705 10 23800920
100 12 14.230249470757705 10 1132680
100 12 14.230249470757705 10 11544120
100 12 14.230249470757705 10 10133400
100 12 14.230249470757705 10 11042640
100 12 14.230249470757705 10 16179720
100 12 14.230249470757705 10 20372520
100 12 14.230249470757705 10 1174440
100 12 14.230249470757705 10 6521640
100 12 14.230249470757705 10 6648120
100 12 14.230249470757705 10 1459680
100 12 14.230249470757705 10 12771360
100 12 14.230249470757705 10 2025480
100 12 14.230249470757705 10 19416000
100 12 14.230249470757705 10 43747920
100 12 15.811388300841895 10 16637040
100 12 15.811388300841895 10 7948800
100 12 15.811388300841895 10 16309680
100 12 15.811388300841895 10 24851760
100 12 15.811388300841895 10 8186520
100 12 15.811388300841895 10 13313880
100 12 15.811388300841895 10 38172480
100 12 15.811388300841895 10 34013160
100 12 15.811388300841895 10 72350880
100 12 15.811388300841895 10 28353480
100 12 15.811388300841895 10 12791760
100 12 15.811388300841895 10 9679920
100 12 15.811388300841895 10 3800760
100 12 15.811388300841895 10 22670640
100 12 15.811388300841895 10 20921640
100 12 15.811388300841895 10 61000440
100 12 15.811388300841895 10 39076800
100 12 15.811388300841895 10 26207400
100 12 15.811388300841895 10 14658240
100 12 15.811388300841895 10 5069760
100 12 15.811388300841895 10 114177840
100 12 15.811388300841895 10 155151000
100 12 15.811388300841895 10 35138520
100 12 15.811388300841895 10 19345080
100 12 15.811388300841895 10 16824840
100 12 15.811388300841895 10 94092720
100 12 15.811388300841895 10 87348240
100 12 15.811388300841895 10 19270080
100 12 15.811388300841895 10 5601600
100 12 15.811388300841895 10 4373760
100 12 15.811388300841895 10 5739480
100 12 15.811388300841895 10 6806880
100 12 15.811388300841895 10 30918840
100 12 15.811388300841895 10 8114280
100 12 15.811388300841895 10 28381080
100 12 15.811388300841895 10 16091280
100 12 15.811388300841895 10 119765520
100 12 15.811388300841895 10 70119960
100 12 15.811388300841895 10 16630080
100 12 15.811388300841895 10 24672240
100 12 15.811388300841895 10 19942440
100 12 15.811388300841895 10 3591960
100 12 15.811388300841895 10 20920920
100 12 15.811388300841895 10 18481680
100 12 15.811388300841895 10 37560240
100 12 15.811388300841895 10 56871960
100 12 15.811388300841895 10 2892720
100 12 15.811388300841895 10 5913840
100 12 15.811388300841895 10 54785520
100 12 15.811388300841895 10 20777400
100 12 15.811388300841895 10 32155320
100 12 15.811388300841895 10 9839760
100 12 15.811388300841895 10 17359920
100 12 15.811388300841895 10 4850280
100 12 15.811388300841895 10 9977520
100 12 15.811388300841895 10 24699600
100 12 15.811388300841895 10 4379880
100 12 15.811388300841895 10 15413640
100 12 15.811388300841895 10 75036000
100 12 15.811388300841895 10 5215920
100 12 15.811388300841895 10 17261760
100 12 15.811388300841895 10 3145080
100 12 15.811388300841895 10 42824280
100 12 15.811388300841895 10 73503120
100 12 15.811388300841895 10 154871640
100 12 15.811388300841895 10 51489240
100 12 15.811388300841895 10 6720960
100 12 15.811388300841895 10 42278160
100 12 15.811388300841895 10 40989120
100 12 15.811388300841895 10 84523320
100 12 15.811388300841895 10 64818480
100 12 15.811388300841895 10 54296160
100 12 15.811388300841895 10 136906440
100 12 15.811388300841895 10 64579800
100 12 15.811388300841895 10 15669240
100 12 15.811388300841895 10 33483000
100 12 15.811388300841895 10 40239840
100 12 15.811388300841895 10 8284440
100 12 15.811388300841895 10 4108560
100 12 15.811388300841895 10 26589000
100 12 15.811388300841895 10 11363040
100 12 15.811388300841895 10 23951640
100 12 15.811388300841895 10 58406040
100 12 15.811388300841895 10 12540600
100 12 15.811388300841895 10 30343800
100 12 15.811388300841895 10 21700680
100 12 15.811388300841895 10 9230880
100 12 15.811388300841895 10 15426000
100 12 15.811388300841895 10 97777560
100 12 15.811388300841895 10 8178000
100 12 17.392527130926084 10 124172760
100 12 17.392527130926084 10 52945920
100 12 17.392527130926084 10 49259280
100 12 17.392527130926084 10 263965800
100 12 17.392527130926084 10 46851720
100 12 17.392527130926084 10 166673640
100 12 17.392527130926084 10 30428520
100 12 17.392527130926084 10 649966560
100 12 17.392527130926084 10 137524680
100 12 17.392527130926084 10 13591560
100 12 17.392527130926084 10 73516920
100 12 17.392527130926084 10 51626640
100 12 17.392527130926084 10 29489640
100 12 17.392527130926084 10 6961680
100 12 17.392527130926084 10 203070240
100 12 17.392527130926084 10 404164560
100 12 17.392527130926084 10 28529880
100 12 17.392527130926084 10 199736640
100 12 17.392527130926084 10 128134080
100 12 17.392527130926084 10 205352160
100 12 17.392527130926084 10 164586000
100 12 17.392527130926084 10 26842080
100 12 17.392527130926084 10 37312920
100 12 17.392527130926084 10 256117320
100 12 17.392527130926084 10 19649160
100 12 17.392527130926084 10 31316400
100 12 17.392527130926084 10 46750920
100 12 17.392527130926084 10 15010920
100 12 17.392527130926084 10 733857000
100 12 17.392527130926084 10 120574080
100 12 17.392527130926084 10 33832680
100 12 17.392527130926084 10 129901680
100 12 17.392527130926084 10 112179720
100 12 17.392527130926084 10 63471120
100 12 17.392527130926084 10 343669320
100 12 17.392527130926084 10 188118240
100 12 17.392527130926084 10 8565120
100 12 17.392527130926084 10 28190160
100 12 17.392527130926084 10 13733520
100 12 17.392527130926084 10 40395240
100 12 17.392527130926084 10 65278800
100 12 17.392527130926084 10 463004520
100 12 17.392527130926084 10 321774000
100 12 17.392527130926084 10 274267080
100 12 17.392527130926084 10 489050160
100 12 17.392527130926084 10 52889760
100 12 17.392527130926084 10 201563160
100 12 17.392527130926084 10 20133600
100 12 17.392527130926084 10 51522600
100 12 17.392527130926084 10 197733480
100 12 17.392527130926084 10 99092640
100 12 17.392527130926084 10 168564360
100 12 17.392527130926084 10 254932200
100 12 17.392527130926084 10 173513280
100 12 17.392527130926084 10 223241520
100 12 17.392527130926084 10 393703920
100 12 17.392527130926084 10 504361320
100 12 17.392527130926084 10 304530240
100 12 17.392527130926084 10 71181000
100 12 17.392527130926084 10 74288640
100 12 17.392527130926084 10 194103120
100 12 17.392527130926084 10 97779240
100 12 17.392527130926084 10 51402000
100 12 17.392527130926084 10 325679640
100 12 17.392527130926084 10 131287800
100 12 17.392527130926084 10 66100920
100 12 17.392527130926084 10 69144240
100 12 17.392527130926084 10 348655560
100 12 17.392527130926084 10 326661960
100 12 17.392527130926084 10 383604600
100 12 17.392527130926084 10 507900960
100 12 17.392527130926084 10 195758760
100 12 17.392527130926084 10 24645120
100 12 17.392527130926084 10 7034160
100 12 17.392527130926084 10 24011760
100 12 17.392527130926084 10 116693760
100 12 17.392527130926084 10 146102640
100 12 17.392527130926084 10 155989200
100 12 17.392527130926084 10 53854920
100 12 17.392527130926084 10 336791400
100 12 17.392527130926084 10 341814960
100 12 17.392527130926084 10 250958760
100 12 17.392527130926084 10 27351840
100 12 17.392527130926084 10 377293440
100 12 17.392527130926084 10 107928480
100 12 17.392527130926084 10 81885960
100 12 17.392527130926084 10 204153480
100 12 17.392527130926084 10 64797480
100 12 17.392527130926084 10 66396480
100 12 17.392527130926084 10 111682920