GLOBAL OPTIMUM SEARCH OF RE-EVALUATED BINARY ONEMAX
WITH ADDED POSTERIOR NOISE ~N(0, SIGMA)

NUMBER OF FITNESS EVALUATIONS FOR   (mu + 1)-GA

DATE:   2015-12-25 (year-month-day)
TIME:   23:56:10 (hour:min:sec)
SEED:   1

EXPERIMENTS PERFORMED ON:   MacBook Pro (13" Retina, Beginning 2015)
OPERATING SYSTEM:   Mac OS X Version 10.11.1
PROCESSOR:   2.7GHz dual-core Intel Core i5 (Turbo Boost up to 3.1GHz) with 3MB shared L3 cache
MEMORY:   8GB of 1866MHz LPDDR3

DIMENSION MU SIGMA N_RE_EVALUATIONS N_FITNESS_EVALUATIONS
100 10 0 10 119300
100 10 0 10 102200
100 10 0 10 112200
100 10 0 10 136600
100 10 0 10 110800
100 10 0 10 116500
100 10 0 10 127400
100 10 0 10 107500
100 10 0 10 87700
100 10 0 10 195900
100 10 0 10 110600
100 10 0 10 152300
100 10 0 10 170500
100 10 0 10 138300
100 10 0 10 127200
100 10 0 10 105200
100 10 0 10 148600
100 10 0 10 140800
100 10 0 10 122600
100 10 0 10 105500
100 10 0 10 67400
100 10 0 10 133000
100 10 0 10 112900
100 10 0 10 109300
100 10 0 10 104700
100 10 0 10 146700
100 10 0 10 91700
100 10 0 10 166300
100 10 0 10 80800
100 10 0 10 175100
100 10 0 10 80500
100 10 0 10 118700
100 10 0 10 102100
100 10 0 10 88400
100 10 0 10 170100
100 10 0 10 100500
100 10 0 10 118000
100 10 0 10 126400
100 10 0 10 103600
100 10 0 10 105200
100 10 0 10 131400
100 10 0 10 182600
100 10 0 10 212800
100 10 0 10 155000
100 10 0 10 144900
100 10 0 10 101000
100 10 0 10 100300
100 10 0 10 147600
100 10 0 10 132900
100 10 0 10 137900
100 10 0 10 97900
100 10 0 10 123100
100 10 0 10 121500
100 10 0 10 168300
100 10 0 10 125200
100 10 0 10 220400
100 10 0 10 116100
100 10 0 10 144800
100 10 0 10 82200
100 10 0 10 126500
100 10 0 10 116300
100 10 0 10 100900
100 10 0 10 95000
100 10 0 10 109600
100 10 0 10 131000
100 10 0 10 118800
100 10 0 10 84600
100 10 0 10 113800
100 10 0 10 161000
100 10 0 10 93400
100 10 0 10 125900
100 10 0 10 104400
100 10 0 10 106100
100 10 0 10 87400
100 10 0 10 103900
100 10 0 10 84900
100 10 0 10 113900
100 10 0 10 103100
100 10 0 10 100500
100 10 0 10 127400
100 10 0 10 137000
100 10 0 10 91300
100 10 0 10 125500
100 10 0 10 127200
100 10 0 10 107800
100 10 0 10 157300
100 10 0 10 128500
100 10 0 10 114900
100 10 0 10 135800
100 10 0 10 87400
100 10 1.5811388300841898 10 110900
100 10 1.5811388300841898 10 202200
100 10 1.5811388300841898 10 112500
100 10 1.5811388300841898 10 104400
100 10 1.5811388300841898 10 111700
100 10 1.5811388300841898 10 121400
100 10 1.5811388300841898 10 91300
100 10 1.5811388300841898 10 128300
100 10 1.5811388300841898 10 71900
100 10 1.5811388300841898 10 120200
100 10 1.5811388300841898 10 147100
100 10 1.5811388300841898 10 104500
100 10 1.5811388300841898 10 114400
100 10 1.5811388300841898 10 98700
100 10 1.5811388300841898 10 113700
100 10 1.5811388300841898 10 116500
100 10 1.5811388300841898 10 160400
100 10 1.5811388300841898 10 231600
100 10 1.5811388300841898 10 167700
100 10 1.5811388300841898 10 170500
100 10 1.5811388300841898 10 84500
100 10 1.5811388300841898 10 101700
100 10 1.5811388300841898 10 88500
100 10 1.5811388300841898 10 106600
100 10 1.5811388300841898 10 120400
100 10 1.5811388300841898 10 180900
100 10 1.5811388300841898 10 93400
100 10 1.5811388300841898 10 155100
100 10 1.5811388300841898 10 116900
100 10 1.5811388300841898 10 111100
100 10 1.5811388300841898 10 119300
100 10 1.5811388300841898 10 191400
100 10 1.5811388300841898 10 113100
100 10 1.5811388300841898 10 158100
100 10 1.5811388300841898 10 114700
100 10 1.5811388300841898 10 100500
100 10 1.5811388300841898 10 94600
100 10 1.5811388300841898 10 106300
100 10 1.5811388300841898 10 87500
100 10 1.5811388300841898 10 154000
100 10 1.5811388300841898 10 183300
100 10 1.5811388300841898 10 99600
100 10 1.5811388300841898 10 84000
100 10 1.5811388300841898 10 123100
100 10 1.5811388300841898 10 70800
100 10 1.5811388300841898 10 130300
100 10 1.5811388300841898 10 148300
100 10 1.5811388300841898 10 118700
100 10 1.5811388300841898 10 95900
100 10 1.5811388300841898 10 70900
100 10 1.5811388300841898 10 103800
100 10 1.5811388300841898 10 148100
100 10 1.5811388300841898 10 89300
100 10 1.5811388300841898 10 88400
100 10 1.5811388300841898 10 146400
100 10 1.5811388300841898 10 107600
100 10 1.5811388300841898 10 144100
100 10 1.5811388300841898 10 170500
100 10 1.5811388300841898 10 153800
100 10 1.5811388300841898 10 109500
100 10 1.5811388300841898 10 163100
100 10 1.5811388300841898 10 191000
100 10 1.5811388300841898 10 123800
100 10 1.5811388300841898 10 120000
100 10 1.5811388300841898 10 101900
100 10 1.5811388300841898 10 98600
100 10 1.5811388300841898 10 175200
100 10 1.5811388300841898 10 204100
100 10 1.5811388300841898 10 138700
100 10 1.5811388300841898 10 206100
100 10 1.5811388300841898 10 129100
100 10 1.5811388300841898 10 130200
100 10 1.5811388300841898 10 109700
100 10 1.5811388300841898 10 124200
100 10 1.5811388300841898 10 115500
100 10 1.5811388300841898 10 122500
100 10 1.5811388300841898 10 127600
100 10 1.5811388300841898 10 109200
100 10 1.5811388300841898 10 109900
100 10 1.5811388300841898 10 88600
100 10 1.5811388300841898 10 128100
100 10 1.5811388300841898 10 85800
100 10 1.5811388300841898 10 130400
100 10 1.5811388300841898 10 152200
100 10 1.5811388300841898 10 132800
100 10 1.5811388300841898 10 241500
100 10 1.5811388300841898 10 119300
100 10 1.5811388300841898 10 112600
100 10 1.5811388300841898 10 131200
100 10 1.5811388300841898 10 75000
100 10 3.1622776601683795 10 147700
100 10 3.1622776601683795 10 185500
100 10 3.1622776601683795 10 111100
100 10 3.1622776601683795 10 113200
100 10 3.1622776601683795 10 125800
100 10 3.1622776601683795 10 85200
100 10 3.1622776601683795 10 135000
100 10 3.1622776601683795 10 134500
100 10 3.1622776601683795 10 188600
100 10 3.1622776601683795 10 202400
100 10 3.1622776601683795 10 123100
100 10 3.1622776601683795 10 118500
100 10 3.1622776601683795 10 104700
100 10 3.1622776601683795 10 147500
100 10 3.1622776601683795 10 123900
100 10 3.1622776601683795 10 134200
100 10 3.1622776601683795 10 100600
100 10 3.1622776601683795 10 114100
100 10 3.1622776601683795 10 85800
100 10 3.1622776601683795 10 136400
100 10 3.1622776601683795 10 199600
100 10 3.1622776601683795 10 122900
100 10 3.1622776601683795 10 151500
100 10 3.1622776601683795 10 144600
100 10 3.1622776601683795 10 102400
100 10 3.1622776601683795 10 167700
100 10 3.1622776601683795 10 110900
100 10 3.1622776601683795 10 79700
100 10 3.1622776601683795 10 102600
100 10 3.1622776601683795 10 112600
100 10 3.1622776601683795 10 111500
100 10 3.1622776601683795 10 174500
100 10 3.1622776601683795 10 122900
100 10 3.1622776601683795 10 173300
100 10 3.1622776601683795 10 201500
100 10 3.1622776601683795 10 161700
100 10 3.1622776601683795 10 127500
100 10 3.1622776601683795 10 100000
100 10 3.1622776601683795 10 142200
100 10 3.1622776601683795 10 94600
100 10 3.1622776601683795 10 144300
100 10 3.1622776601683795 10 173900
100 10 3.1622776601683795 10 166200
100 10 3.1622776601683795 10 86800
100 10 3.1622776601683795 10 120900
100 10 3.1622776601683795 10 103900
100 10 3.1622776601683795 10 140400
100 10 3.1622776601683795 10 212600
100 10 3.1622776601683795 10 196400
100 10 3.1622776601683795 10 119100
100 10 3.1622776601683795 10 131900
100 10 3.1622776601683795 10 114800
100 10 3.1622776601683795 10 176900
100 10 3.1622776601683795 10 123000
100 10 3.1622776601683795 10 86200
100 10 3.1622776601683795 10 181400
100 10 3.1622776601683795 10 113700
100 10 3.1622776601683795 10 160100
100 10 3.1622776601683795 10 199700
100 10 3.1622776601683795 10 199000
100 10 3.1622776601683795 10 155400
100 10 3.1622776601683795 10 143800
100 10 3.1622776601683795 10 164100
100 10 3.1622776601683795 10 117200
100 10 3.1622776601683795 10 152400
100 10 3.1622776601683795 10 149000
100 10 3.1622776601683795 10 94700
100 10 3.1622776601683795 10 102400
100 10 3.1622776601683795 10 167200
100 10 3.1622776601683795 10 130300
100 10 3.1622776601683795 10 135400
100 10 3.1622776601683795 10 112000
100 10 3.1622776601683795 10 91800
100 10 3.1622776601683795 10 159600
100 10 3.1622776601683795 10 142900
100 10 3.1622776601683795 10 116000
100 10 3.1622776601683795 10 148900
100 10 3.1622776601683795 10 98200
100 10 3.1622776601683795 10 158500
100 10 3.1622776601683795 10 123400
100 10 3.1622776601683795 10 91100
100 10 3.1622776601683795 10 115600
100 10 3.1622776601683795 10 142600
100 10 3.1622776601683795 10 173200
100 10 3.1622776601683795 10 181000
100 10 3.1622776601683795 10 217600
100 10 3.1622776601683795 10 168000
100 10 3.1622776601683795 10 104100
100 10 3.1622776601683795 10 171200
100 10 3.1622776601683795 10 188800
100 10 4.7434164902525691 10 177700
100 10 4.7434164902525691 10 136200
100 10 4.7434164902525691 10 139800
100 10 4.7434164902525691 10 127900
100 10 4.7434164902525691 10 122700
100 10 4.7434164902525691 10 213200
100 10 4.7434164902525691 10 135900
100 10 4.7434164902525691 10 146100
100 10 4.7434164902525691 10 181400
100 10 4.7434164902525691 10 187100
100 10 4.7434164902525691 10 92600
100 10 4.7434164902525691 10 201100
100 10 4.7434164902525691 10 114500
100 10 4.7434164902525691 10 255800
100 10 4.7434164902525691 10 161700
100 10 4.7434164902525691 10 218300
100 10 4.7434164902525691 10 249700
100 10 4.7434164902525691 10 235100
100 10 4.7434164902525691 10 134900
100 10 4.7434164902525691 10 203900
100 10 4.7434164902525691 10 146000
100 10 4.7434164902525691 10 288500
100 10 4.7434164902525691 10 211600
100 10 4.7434164902525691 10 153700
100 10 4.7434164902525691 10 154400
100 10 4.7434164902525691 10 146700
100 10 4.7434164902525691 10 116500
100 10 4.7434164902525691 10 123200
100 10 4.7434164902525691 10 151000
100 10 4.7434164902525691 10 193100
100 10 4.7434164902525691 10 236400
100 10 4.7434164902525691 10 194700
100 10 4.7434164902525691 10 227500
100 10 4.7434164902525691 10 143500
100 10 4.7434164902525691 10 149900
100 10 4.7434164902525691 10 211700
100 10 4.7434164902525691 10 150000
100 10 4.7434164902525691 10 186600
100 10 4.7434164902525691 10 160900
100 10 4.7434164902525691 10 134200
100 10 4.7434164902525691 10 142000
100 10 4.7434164902525691 10 199000
100 10 4.7434164902525691 10 152300
100 10 4.7434164902525691 10 131900
100 10 4.7434164902525691 10 121900
100 10 4.7434164902525691 10 143300
100 10 4.7434164902525691 10 131000
100 10 4.7434164902525691 10 124700
100 10 4.7434164902525691 10 193700
100 10 4.7434164902525691 10 152500
100 10 4.7434164902525691 10 131800
100 10 4.7434164902525691 10 116100
100 10 4.7434164902525691 10 225600
100 10 4.7434164902525691 10 129500
100 10 4.7434164902525691 10 166300
100 10 4.7434164902525691 10 198600
100 10 4.7434164902525691 10 178400
100 10 4.7434164902525691 10 115500
100 10 4.7434164902525691 10 174800
100 10 4.7434164902525691 10 285400
100 10 4.7434164902525691 10 181600
100 10 4.7434164902525691 10 127700
100 10 4.7434164902525691 10 124500
100 10 4.7434164902525691 10 123500
100 10 4.7434164902525691 10 187100
100 10 4.7434164902525691 10 191400
100 10 4.7434164902525691 10 122700
100 10 4.7434164902525691 10 189100
100 10 4.7434164902525691 10 147300
100 10 4.7434164902525691 10 122600
100 10 4.7434164902525691 10 131800
100 10 4.7434164902525691 10 210300
100 10 4.7434164902525691 10 317500
100 10 4.7434164902525691 10 144000
100 10 4.7434164902525691 10 245300
100 10 4.7434164902525691 10 444700
100 10 4.7434164902525691 10 174400
100 10 4.7434164902525691 10 256600
100 10 4.7434164902525691 10 181400
100 10 4.7434164902525691 10 116900
100 10 4.7434164902525691 10 158000
100 10 4.7434164902525691 10 121900
100 10 4.7434164902525691 10 153700
100 10 4.7434164902525691 10 127100
100 10 4.7434164902525691 10 148500
100 10 4.7434164902525691 10 186100
100 10 4.7434164902525691 10 210900
100 10 4.7434164902525691 10 141100
100 10 4.7434164902525691 10 164800
100 10 4.7434164902525691 10 138500
100 10 6.324555320336759 10 201700
100 10 6.324555320336759 10 225500
100 10 6.324555320336759 10 197700
100 10 6.324555320336759 10 195900
100 10 6.324555320336759 10 159100
100 10 6.324555320336759 10 160500
100 10 6.324555320336759 10 161400
100 10 6.324555320336759 10 308200
100 10 6.324555320336759 10 162500
100 10 6.324555320336759 10 206200
100 10 6.324555320336759 10 134500
100 10 6.324555320336759 10 261000
100 10 6.324555320336759 10 196400
100 10 6.324555320336759 10 222400
100 10 6.324555320336759 10 197900
100 10 6.324555320336759 10 174500
100 10 6.324555320336759 10 201300
100 10 6.324555320336759 10 222800
100 10 6.324555320336759 10 366300
100 10 6.324555320336759 10 143700
100 10 6.324555320336759 10 262700
100 10 6.324555320336759 10 180900
100 10 6.324555320336759 10 164300
100 10 6.324555320336759 10 158700
100 10 6.324555320336759 10 217600
100 10 6.324555320336759 10 132000
100 10 6.324555320336759 10 257900
100 10 6.324555320336759 10 177700
100 10 6.324555320336759 10 218200
100 10 6.324555320336759 10 150600
100 10 6.324555320336759 10 235200
100 10 6.324555320336759 10 206700
100 10 6.324555320336759 10 160600
100 10 6.324555320336759 10 214000
100 10 6.324555320336759 10 198900
100 10 6.324555320336759 10 197100
100 10 6.324555320336759 10 205000
100 10 6.324555320336759 10 146100
100 10 6.324555320336759 10 214400
100 10 6.324555320336759 10 198900
100 10 6.324555320336759 10 161700
100 10 6.324555320336759 10 188900
100 10 6.324555320336759 10 189300
100 10 6.324555320336759 10 174100
100 10 6.324555320336759 10 158900
100 10 6.324555320336759 10 182500
100 10 6.324555320336759 10 135900
100 10 6.324555320336759 10 253700
100 10 6.324555320336759 10 179600
100 10 6.324555320336759 10 150300
100 10 6.324555320336759 10 213800
100 10 6.324555320336759 10 162500
100 10 6.324555320336759 10 146400
100 10 6.324555320336759 10 196700
100 10 6.324555320336759 10 212500
100 10 6.324555320336759 10 236700
100 10 6.324555320336759 10 134400
100 10 6.324555320336759 10 118000
100 10 6.324555320336759 10 190300
100 10 6.324555320336759 10 185900
100 10 6.324555320336759 10 194800
100 10 6.324555320336759 10 217000
100 10 6.324555320336759 10 135900
100 10 6.324555320336759 10 174600
100 10 6.324555320336759 10 144700
100 10 6.324555320336759 10 212600
100 10 6.324555320336759 10 209700
100 10 6.324555320336759 10 174300
100 10 6.324555320336759 10 222800
100 10 6.324555320336759 10 204000
100 10 6.324555320336759 10 247000
100 10 6.324555320336759 10 257100
100 10 6.324555320336759 10 153000
100 10 6.324555320336759 10 236100
100 10 6.324555320336759 10 281800
100 10 6.324555320336759 10 153700
100 10 6.324555320336759 10 160800
100 10 6.324555320336759 10 205900
100 10 6.324555320336759 10 151300
100 10 6.324555320336759 10 139600
100 10 6.324555320336759 10 201500
100 10 6.324555320336759 10 131900
100 10 6.324555320336759 10 152700
100 10 6.324555320336759 10 148100
100 10 6.324555320336759 10 127000
100 10 6.324555320336759 10 209100
100 10 6.324555320336759 10 181300
100 10 6.324555320336759 10 231500
100 10 6.324555320336759 10 152300
100 10 6.324555320336759 10 112000
100 10 7.905694150420949 10 244000
100 10 7.905694150420949 10 215800
100 10 7.905694150420949 10 138900
100 10 7.905694150420949 10 202900
100 10 7.905694150420949 10 194800
100 10 7.905694150420949 10 206000
100 10 7.905694150420949 10 131700
100 10 7.905694150420949 10 215000
100 10 7.905694150420949 10 201500
100 10 7.905694150420949 10 129700
100 10 7.905694150420949 10 228600
100 10 7.905694150420949 10 199800
100 10 7.905694150420949 10 199700
100 10 7.905694150420949 10 232400
100 10 7.905694150420949 10 268700
100 10 7.905694150420949 10 306100
100 10 7.905694150420949 10 131900
100 10 7.905694150420949 10 285100
100 10 7.905694150420949 10 269000
100 10 7.905694150420949 10 305500
100 10 7.905694150420949 10 290900
100 10 7.905694150420949 10 192800
100 10 7.905694150420949 10 235200
100 10 7.905694150420949 10 217000
100 10 7.905694150420949 10 159700
100 10 7.905694150420949 10 231900
100 10 7.905694150420949 10 198100
100 10 7.905694150420949 10 196400
100 10 7.905694150420949 10 145400
100 10 7.905694150420949 10 224000
100 10 7.905694150420949 10 192800
100 10 7.905694150420949 10 170300
100 10 7.905694150420949 10 281000
100 10 7.905694150420949 10 136100
100 10 7.905694150420949 10 222300
100 10 7.905694150420949 10 278700
100 10 7.905694150420949 10 149200
100 10 7.905694150420949 10 183600
100 10 7.905694150420949 10 155400
100 10 7.905694150420949 10 145400
100 10 7.905694150420949 10 251500
100 10 7.905694150420949 10 156200
100 10 7.905694150420949 10 265400
100 10 7.905694150420949 10 241500
100 10 7.905694150420949 10 277400
100 10 7.905694150420949 10 193800
100 10 7.905694150420949 10 224300
100 10 7.905694150420949 10 286500
100 10 7.905694150420949 10 380100
100 10 7.905694150420949 10 205800
100 10 7.905694150420949 10 134600
100 10 7.905694150420949 10 302600
100 10 7.905694150420949 10 181900
100 10 7.905694150420949 10 248800
100 10 7.905694150420949 10 202500
100 10 7.905694150420949 10 188100
100 10 7.905694150420949 10 355100
100 10 7.905694150420949 10 343600
100 10 7.905694150420949 10 349000
100 10 7.905694150420949 10 232700
100 10 7.905694150420949 10 367500
100 10 7.905694150420949 10 210400
100 10 7.905694150420949 10 205600
100 10 7.905694150420949 10 160100
100 10 7.905694150420949 10 200500
100 10 7.905694150420949 10 204000
100 10 7.905694150420949 10 256800
100 10 7.905694150420949 10 292100
100 10 7.905694150420949 10 310800
100 10 7.905694150420949 10 159900
100 10 7.905694150420949 10 253800
100 10 7.905694150420949 10 213900
100 10 7.905694150420949 10 174700
100 10 7.905694150420949 10 172500
100 10 7.905694150420949 10 190700
100 10 7.905694150420949 10 263900
100 10 7.905694150420949 10 182500
100 10 7.905694150420949 10 320700
100 10 7.905694150420949 10 227900
100 10 7.905694150420949 10 206500
100 10 7.905694150420949 10 131300
100 10 7.905694150420949 10 330300
100 10 7.905694150420949 10 340100
100 10 7.905694150420949 10 112500
100 10 7.905694150420949 10 239400
100 10 7.905694150420949 10 247600
100 10 7.905694150420949 10 125200
100 10 7.905694150420949 10 254800
100 10 7.905694150420949 10 260700
100 10 7.905694150420949 10 253300
100 10 9.4868329805051381 10 194000
100 10 9.4868329805051381 10 317900
100 10 9.4868329805051381 10 336100
100 10 9.4868329805051381 10 219600
100 10 9.4868329805051381 10 188100
100 10 9.4868329805051381 10 285200
100 10 9.4868329805051381 10 319600
100 10 9.4868329805051381 10 434700
100 10 9.4868329805051381 10 149900
100 10 9.4868329805051381 10 220600
100 10 9.4868329805051381 10 319100
100 10 9.4868329805051381 10 495200
100 10 9.4868329805051381 10 185100
100 10 9.4868329805051381 10 196300
100 10 9.4868329805051381 10 242000
100 10 9.4868329805051381 10 342200
100 10 9.4868329805051381 10 196100
100 10 9.4868329805051381 10 191400
100 10 9.4868329805051381 10 228400
100 10 9.4868329805051381 10 217000
100 10 9.4868329805051381 10 252300
100 10 9.4868329805051381 10 336400
100 10 9.4868329805051381 10 588300
100 10 9.4868329805051381 10 311600
100 10 9.4868329805051381 10 285000
100 10 9.4868329805051381 10 191100
100 10 9.4868329805051381 10 261000
100 10 9.4868329805051381 10 182500
100 10 9.4868329805051381 10 173100
100 10 9.4868329805051381 10 212000
100 10 9.4868329805051381 10 429500
100 10 9.4868329805051381 10 303400
100 10 9.4868329805051381 10 251600
100 10 9.4868329805051381 10 334200
100 10 9.4868329805051381 10 355200
100 10 9.4868329805051381 10 444500
100 10 9.4868329805051381 10 280300
100 10 9.4868329805051381 10 235800
100 10 9.4868329805051381 10 368900
100 10 9.4868329805051381 10 349400
100 10 9.4868329805051381 10 296700
100 10 9.4868329805051381 10 290100
100 10 9.4868329805051381 10 295200
100 10 9.4868329805051381 10 361700
100 10 9.4868329805051381 10 205100
100 10 9.4868329805051381 10 257700
100 10 9.4868329805051381 10 300500
100 10 9.4868329805051381 10 354300
100 10 9.4868329805051381 10 277300
100 10 9.4868329805051381 10 178600
100 10 9.4868329805051381 10 156900
100 10 9.4868329805051381 10 243100
100 10 9.4868329805051381 10 317000
100 10 9.4868329805051381 10 256900
100 10 9.4868329805051381 10 196500
100 10 9.4868329805051381 10 311900
100 10 9.4868329805051381 10 267700
100 10 9.4868329805051381 10 187600
100 10 9.4868329805051381 10 150900
100 10 9.4868329805051381 10 210400
100 10 9.4868329805051381 10 201900
100 10 9.4868329805051381 10 211500
100 10 9.4868329805051381 10 236100
100 10 9.4868329805051381 10 343500
100 10 9.4868329805051381 10 251500
100 10 9.4868329805051381 10 177400
100 10 9.4868329805051381 10 327800
100 10 9.4868329805051381 10 222500
100 10 9.4868329805051381 10 245000
100 10 9.4868329805051381 10 299800
100 10 9.4868329805051381 10 461000
100 10 9.4868329805051381 10 160900
100 10 9.4868329805051381 10 589100
100 10 9.4868329805051381 10 229900
100 10 9.4868329805051381 10 296000
100 10 9.4868329805051381 10 180100
100 10 9.4868329805051381 10 380600
100 10 9.4868329805051381 10 240100
100 10 9.4868329805051381 10 339400
100 10 9.4868329805051381 10 183200
100 10 9.4868329805051381 10 301100
100 10 9.4868329805051381 10 341000
100 10 9.4868329805051381 10 345500
100 10 9.4868329805051381 10 255400
100 10 9.4868329805051381 10 317100
100 10 9.4868329805051381 10 354900
100 10 9.4868329805051381 10 557700
100 10 9.4868329805051381 10 220900
100 10 9.4868329805051381 10 231400
100 10 9.4868329805051381 10 316700
100 10 11.067971810589327 10 415800
100 10 11.067971810589327 10 234600
100 10 11.067971810589327 10 420100
100 10 11.067971810589327 10 186400
100 10 11.067971810589327 10 269700
100 10 11.067971810589327 10 645700
100 10 11.067971810589327 10 321500
100 10 11.067971810589327 10 421100
100 10 11.067971810589327 10 343500
100 10 11.067971810589327 10 122100
100 10 11.067971810589327 10 488700
100 10 11.067971810589327 10 217900
100 10 11.067971810589327 10 356600
100 10 11.067971810589327 10 353000
100 10 11.067971810589327 10 304600
100 10 11.067971810589327 10 378000
100 10 11.067971810589327 10 231500
100 10 11.067971810589327 10 282600
100 10 11.067971810589327 10 484400
100 10 11.067971810589327 10 202000
100 10 11.067971810589327 10 489000
100 10 11.067971810589327 10 275000
100 10 11.067971810589327 10 231900
100 10 11.067971810589327 10 581400
100 10 11.067971810589327 10 562300
100 10 11.067971810589327 10 336700
100 10 11.067971810589327 10 252100
100 10 11.067971810589327 10 178200
100 10 11.067971810589327 10 300300
100 10 11.067971810589327 10 282000
100 10 11.067971810589327 10 348900
100 10 11.067971810589327 10 256400
100 10 11.067971810589327 10 263200
100 10 11.067971810589327 10 314600
100 10 11.067971810589327 10 557500
100 10 11.067971810589327 10 311200
100 10 11.067971810589327 10 472900
100 10 11.067971810589327 10 325800
100 10 11.067971810589327 10 415000
100 10 11.067971810589327 10 268800
100 10 11.067971810589327 10 359000
100 10 11.067971810589327 10 303000
100 10 11.067971810589327 10 334300
100 10 11.067971810589327 10 309800
100 10 11.067971810589327 10 344600
100 10 11.067971810589327 10 367900
100 10 11.067971810589327 10 391700
100 10 11.067971810589327 10 824800
100 10 11.067971810589327 10 454400
100 10 11.067971810589327 10 401800
100 10 11.067971810589327 10 234800
100 10 11.067971810589327 10 400200
100 10 11.067971810589327 10 344400
100 10 11.067971810589327 10 300800
100 10 11.067971810589327 10 483600
100 10 11.067971810589327 10 358900
100 10 11.067971810589327 10 482900
100 10 11.067971810589327 10 336300
100 10 11.067971810589327 10 466400
100 10 11.067971810589327 10 282100
100 10 11.067971810589327 10 264400
100 10 11.067971810589327 10 285500
100 10 11.067971810589327 10 304000
100 10 11.067971810589327 10 338800
100 10 11.067971810589327 10 292000
100 10 11.067971810589327 10 296800
100 10 11.067971810589327 10 272500
100 10 11.067971810589327 10 413300
100 10 11.067971810589327 10 497100
100 10 11.067971810589327 10 431600
100 10 11.067971810589327 10 292600
100 10 11.067971810589327 10 440400
100 10 11.067971810589327 10 269800
100 10 11.067971810589327 10 438100
100 10 11.067971810589327 10 323400
100 10 11.067971810589327 10 348500
100 10 11.067971810589327 10 275900
100 10 11.067971810589327 10 304700
100 10 11.067971810589327 10 332500
100 10 11.067971810589327 10 307300
100 10 11.067971810589327 10 486600
100 10 11.067971810589327 10 484400
100 10 11.067971810589327 10 258800
100 10 11.067971810589327 10 395300
100 10 11.067971810589327 10 243800
100 10 11.067971810589327 10 277700
100 10 11.067971810589327 10 229600
100 10 11.067971810589327 10 301200
100 10 11.067971810589327 10 383700
100 10 11.067971810589327 10 386700
100 10 12.649110640673516 10 206200
100 10 12.649110640673516 10 1027500
100 10 12.649110640673516 10 273100
100 10 12.649110640673516 10 739100
100 10 12.649110640673516 10 399600
100 10 12.649110640673516 10 300300
100 10 12.649110640673516 10 799400
100 10 12.649110640673516 10 638400
100 10 12.649110640673516 10 881200
100 10 12.649110640673516 10 256500
100 10 12.649110640673516 10 439200
100 10 12.649110640673516 10 687500
100 10 12.649110640673516 10 269800
100 10 12.649110640673516 10 730400
100 10 12.649110640673516 10 477400
100 10 12.649110640673516 10 382500
100 10 12.649110640673516 10 355300
100 10 12.649110640673516 10 427000
100 10 12.649110640673516 10 273600
100 10 12.649110640673516 10 276000
100 10 12.649110640673516 10 379100
100 10 12.649110640673516 10 721700
100 10 12.649110640673516 10 787100
100 10 12.649110640673516 10 648200
100 10 12.649110640673516 10 473200
100 10 12.649110640673516 10 287800
100 10 12.649110640673516 10 218100
100 10 12.649110640673516 10 565700
100 10 12.649110640673516 10 473300
100 10 12.649110640673516 10 434000
100 10 12.649110640673516 10 666000
100 10 12.649110640673516 10 781000
100 10 12.649110640673516 10 329000
100 10 12.649110640673516 10 498500
100 10 12.649110640673516 10 1076600
100 10 12.649110640673516 10 865900
100 10 12.649110640673516 10 520900
100 10 12.649110640673516 10 474500
100 10 12.649110640673516 10 931200
100 10 12.649110640673516 10 147900
100 10 12.649110640673516 10 250100
100 10 12.649110640673516 10 399400
100 10 12.649110640673516 10 237600
100 10 12.649110640673516 10 233400
100 10 12.649110640673516 10 703900
100 10 12.649110640673516 10 200400
100 10 12.649110640673516 10 264900
100 10 12.649110640673516 10 527200
100 10 12.649110640673516 10 263300
100 10 12.649110640673516 10 379200
100 10 12.649110640673516 10 496600
100 10 12.649110640673516 10 626000
100 10 12.649110640673516 10 437200
100 10 12.649110640673516 10 451100
100 10 12.649110640673516 10 446000
100 10 12.649110640673516 10 460000
100 10 12.649110640673516 10 229500
100 10 12.649110640673516 10 547500
100 10 12.649110640673516 10 276600
100 10 12.649110640673516 10 409600
100 10 12.649110640673516 10 480600
100 10 12.649110640673516 10 192700
100 10 12.649110640673516 10 241900
100 10 12.649110640673516 10 425500
100 10 12.649110640673516 10 282500
100 10 12.649110640673516 10 489900
100 10 12.649110640673516 10 417900
100 10 12.649110640673516 10 248700
100 10 12.649110640673516 10 346600
100 10 12.649110640673516 10 1035000
100 10 12.649110640673516 10 535500
100 10 12.649110640673516 10 493900
100 10 12.649110640673516 10 576100
100 10 12.649110640673516 10 476000
100 10 12.649110640673516 10 578200
100 10 12.649110640673516 10 610100
100 10 12.649110640673516 10 349600
100 10 12.649110640673516 10 443400
100 10 12.649110640673516 10 240300
100 10 12.649110640673516 10 295000
100 10 12.649110640673516 10 766000
100 10 12.649110640673516 10 436300
100 10 12.649110640673516 10 728300
100 10 12.649110640673516 10 259600
100 10 12.649110640673516 10 307400
100 10 12.649110640673516 10 490700
100 10 12.649110640673516 10 315300
100 10 12.649110640673516 10 675000
100 10 12.649110640673516 10 429300
100 10 12.649110640673516 10 347100
100 10 14.230249470757705 10 411700
100 10 14.230249470757705 10 931400
100 10 14.230249470757705 10 1158100
100 10 14.230249470757705 10 563100
100 10 14.230249470757705 10 264900
100 10 14.230249470757705 10 587800
100 10 14.230249470757705 10 576600
100 10 14.230249470757705 10 841800
100 10 14.230249470757705 10 1414300
100 10 14.230249470757705 10 521400
100 10 14.230249470757705 10 767500
100 10 14.230249470757705 10 571300
100 10 14.230249470757705 10 578100
100 10 14.230249470757705 10 274600
100 10 14.230249470757705 10 1835900
100 10 14.230249470757705 10 453500
100 10 14.230249470757705 10 1530500
100 10 14.230249470757705 10 866100
100 10 14.230249470757705 10 1240100
100 10 14.230249470757705 10 540500
100 10 14.230249470757705 10 263400
100 10 14.230249470757705 10 1726100
100 10 14.230249470757705 10 278700
100 10 14.230249470757705 10 694100
100 10 14.230249470757705 10 385000
100 10 14.230249470757705 10 782500
100 10 14.230249470757705 10 488200
100 10 14.230249470757705 10 586800
100 10 14.230249470757705 10 755500
100 10 14.230249470757705 10 814900
100 10 14.230249470757705 10 654300
100 10 14.230249470757705 10 995900
100 10 14.230249470757705 10 896800
100 10 14.230249470757705 10 1193600
100 10 14.230249470757705 10 710700
100 10 14.230249470757705 10 795800
100 10 14.230249470757705 10 359300
100 10 14.230249470757705 10 647200
100 10 14.230249470757705 10 388600
100 10 14.230249470757705 10 430700
100 10 14.230249470757705 10 1321500
100 10 14.230249470757705 10 377500
100 10 14.230249470757705 10 1235000
100 10 14.230249470757705 10 391200
100 10 14.230249470757705 10 424400
100 10 14.230249470757705 10 503400
100 10 14.230249470757705 10 283800
100 10 14.230249470757705 10 1159200
100 10 14.230249470757705 10 695400
100 10 14.230249470757705 10 276900
100 10 14.230249470757705 10 812400
100 10 14.230249470757705 10 481000
100 10 14.230249470757705 10 1112300
100 10 14.230249470757705 10 594300
100 10 14.230249470757705 10 1042500
100 10 14.230249470757705 10 1669000
100 10 14.230249470757705 10 543800
100 10 14.230249470757705 10 960400
100 10 14.230249470757705 10 420100
100 10 14.230249470757705 10 542100
100 10 14.230249470757705 10 486700
100 10 14.230249470757705 10 1867700
100 10 14.230249470757705 10 530300
100 10 14.230249470757705 10 276600
100 10 14.230249470757705 10 1536800
100 10 14.230249470757705 10 583200
100 10 14.230249470757705 10 1292700
100 10 14.230249470757705 10 372400
100 10 14.230249470757705 10 428000
100 10 14.230249470757705 10 587100
100 10 14.230249470757705 10 542600
100 10 14.230249470757705 10 1385100
100 10 14.230249470757705 10 1110800
100 10 14.230249470757705 10 640400
100 10 14.230249470757705 10 867100
100 10 14.230249470757705 10 592900
100 10 14.230249470757705 10 504800
100 10 14.230249470757705 10 482400
100 10 14.230249470757705 10 574600
100 10 14.230249470757705 10 1410000
100 10 14.230249470757705 10 1618500
100 10 14.230249470757705 10 344900
100 10 14.230249470757705 10 436000
100 10 14.230249470757705 10 206400
100 10 14.230249470757705 10 632900
100 10 14.230249470757705 10 2420200
100 10 14.230249470757705 10 861300
100 10 14.230249470757705 10 368700
100 10 14.230249470757705 10 923900
100 10 14.230249470757705 10 431400
100 10 15.811388300841895 10 776400
100 10 15.811388300841895 10 1246200
100 10 15.811388300841895 10 1167300
100 10 15.811388300841895 10 1025300
100 10 15.811388300841895 10 799000
100 10 15.811388300841895 10 2620100
100 10 15.811388300841895 10 665600
100 10 15.811388300841895 10 2079200
100 10 15.811388300841895 10 363500
100 10 15.811388300841895 10 1620300
100 10 15.811388300841895 10 762800
100 10 15.811388300841895 10 1322500
100 10 15.811388300841895 10 512300
100 10 15.811388300841895 10 2256000
100 10 15.811388300841895 10 647300
100 10 15.811388300841895 10 1863400
100 10 15.811388300841895 10 2843700
100 10 15.811388300841895 10 863800
100 10 15.811388300841895 10 955500
100 10 15.811388300841895 10 1226900
100 10 15.811388300841895 10 1749300
100 10 15.811388300841895 10 547100
100 10 15.811388300841895 10 790200
100 10 15.811388300841895 10 250200
100 10 15.811388300841895 10 2283000
100 10 15.811388300841895 10 2222800
100 10 15.811388300841895 10 475400
100 10 15.811388300841895 10 851100
100 10 15.811388300841895 10 817300
100 10 15.811388300841895 10 811700
100 10 15.811388300841895 10 6016000
100 10 15.811388300841895 10 435000
100 10 15.811388300841895 10 1973700
100 10 15.811388300841895 10 841800
100 10 15.811388300841895 10 2626200
100 10 15.811388300841895 10 263000
100 10 15.811388300841895 10 1098400
100 10 15.811388300841895 10 1745400
100 10 15.811388300841895 10 679400
100 10 15.811388300841895 10 753400
100 10 15.811388300841895 10 1191400
100 10 15.811388300841895 10 522800
100 10 15.811388300841895 10 624000
100 10 15.811388300841895 10 2969800
100 10 15.811388300841895 10 443500
100 10 15.811388300841895 10 2141800
100 10 15.811388300841895 10 563000
100 10 15.811388300841895 10 416400
100 10 15.811388300841895 10 792400
100 10 15.811388300841895 10 449500
100 10 15.811388300841895 10 3405500
100 10 15.811388300841895 10 1565800
100 10 15.811388300841895 10 2559100
100 10 15.811388300841895 10 739600
100 10 15.811388300841895 10 386400
100 10 15.811388300841895 10 2799700
100 10 15.811388300841895 10 1789500
100 10 15.811388300841895 10 5884500
100 10 15.811388300841895 10 1209000
100 10 15.811388300841895 10 802200
100 10 15.811388300841895 10 659500
100 10 15.811388300841895 10 2860900
100 10 15.811388300841895 10 524400
100 10 15.811388300841895 10 4281200
100 10 15.811388300841895 10 606200
100 10 15.811388300841895 10 2609100
100 10 15.811388300841895 10 1524100
100 10 15.811388300841895 10 2801000
100 10 15.811388300841895 10 879200
100 10 15.811388300841895 10 4212100
100 10 15.811388300841895 10 1152800
100 10 15.811388300841895 10 3055500
100 10 15.811388300841895 10 2310100
100 10 15.811388300841895 10 765900
100 10 15.811388300841895 10 466900
100 10 15.811388300841895 10 1069700
100 10 15.811388300841895 10 327600
100 10 15.811388300841895 10 1622800
100 10 15.811388300841895 10 3782800
100 10 15.811388300841895 10 844500
100 10 15.811388300841895 10 1055000
100 10 15.811388300841895 10 371900
100 10 15.811388300841895 10 2241500
100 10 15.811388300841895 10 3945100
100 10 15.811388300841895 10 6915800
100 10 15.811388300841895 10 1668800
100 10 15.811388300841895 10 622800
100 10 15.811388300841895 10 292100
100 10 15.811388300841895 10 3625500
100 10 15.811388300841895 10 1572600
100 10 17.392527130926084 10 2845400
100 10 17.392527130926084 10 8588300
100 10 17.392527130926084 10 6608300
100 10 17.392527130926084 10 1483700
100 10 17.392527130926084 10 3251400
100 10 17.392527130926084 10 9203400
100 10 17.392527130926084 10 5131900
100 10 17.392527130926084 10 822400
100 10 17.392527130926084 10 1388700
100 10 17.392527130926084 10 1678600
100 10 17.392527130926084 10 3709500
100 10 17.392527130926084 10 4642600
100 10 17.392527130926084 10 3285400
100 10 17.392527130926084 10 984500
100 10 17.392527130926084 10 1175400
100 10 17.392527130926084 10 2323900
100 10 17.392527130926084 10 4358600
100 10 17.392527130926084 10 6271300
100 10 17.392527130926084 10 4101200
100 10 17.392527130926084 10 4939000
100 10 17.392527130926084 10 6485900
100 10 17.392527130926084 10 1278800
100 10 17.392527130926084 10 9511600
100 10 17.392527130926084 10 6489000
100 10 17.392527130926084 10 3371400
100 10 17.392527130926084 10 2072900
100 10 17.392527130926084 10 4061600
100 10 17.392527130926084 10 3954400
100 10 17.392527130926084 10 2039600
100 10 17.392527130926084 10 2299200
100 10 17.392527130926084 10 8568200
100 10 17.392527130926084 10 2169400
100 10 17.392527130926084 10 2605200
100 10 17.392527130926084 10 800600
100 10 17.392527130926084 10 4390600
100 10 17.392527130926084 10 5151800
100 10 17.392527130926084 10 9317900
100 10 17.392527130926084 10 5104900
100 10 17.392527130926084 10 2398800
100 10 17.392527130926084 10 4455900
100 10 17.392527130926084 10 853400
100 10 17.392527130926084 10 11513000
100 10 17.392527130926084 10 3413900
100 10 17.392527130926084 10 1400700
100 10 17.392527130926084 10 8901100
100 10 17.392527130926084 10 4392800
100 10 17.392527130926084 10 2942800
100 10 17.392527130926084 10 2758500
100 10 17.392527130926084 10 2071900
100 10 17.392527130926084 10 1313900
100 10 17.392527130926084 10 965400
100 10 17.392527130926084 10 9702300
100 10 17.392527130926084 10 7043900
100 10 17.392527130926084 10 4722200
100 10 17.392527130926084 10 1765500
100 10 17.392527130926084 10 3424800
100 10 17.392527130926084 10 9310900
100 10 17.392527130926084 10 3555500
100 10 17.392527130926084 10 4983400
100 10 17.392527130926084 10 547800
100 10 17.392527130926084 10 812500
100 10 17.392527130926084 10 10776300
100 10 17.392527130926084 10 7119700
100 10 17.392527130926084 10 1976900
100 10 17.392527130926084 10 9814000
100 10 17.392527130926084 10 2698500
100 10 17.392527130926084 10 1997000
100 10 17.392527130926084 10 7422300
100 10 17.392527130926084 10 3935600
100 10 17.392527130926084 10 1062300
100 10 17.392527130926084 10 6103100
100 10 17.392527130926084 10 1665200
100 10 17.392527130926084 10 1916300
100 10 17.392527130926084 10 4336400
100 10 17.392527130926084 10 1390800
100 10 17.392527130926084 10 1246200
100 10 17.392527130926084 10 1273500
100 10 17.392527130926084 10 2295200
100 10 17.392527130926084 10 3697200
100 10 17.392527130926084 10 743100
100 10 17.392527130926084 10 1271100
100 10 17.392527130926084 10 874000
100 10 17.392527130926084 10 813400
100 10 17.392527130926084 10 4339400
100 10 17.392527130926084 10 504400
100 10 17.392527130926084 10 2614600
100 10 17.392527130926084 10 5752900
100 10 17.392527130926084 10 890700
100 10 17.392527130926084 10 1479200
100 10 17.392527130926084 10 691200
100 10 18.973665961010273 10 3150800
100 10 18.973665961010273 10 3201100
100 10 18.973665961010273 10 10541200
100 10 18.973665961010273 10 14589500
100 10 18.973665961010273 10 3894100
100 10 18.973665961010273 10 3306100
100 10 18.973665961010273 10 11443700
100 10 18.973665961010273 10 2193100
100 10 18.973665961010273 10 27397400
100 10 18.973665961010273 10 5958700
100 10 18.973665961010273 10 1897400
100 10 18.973665961010273 10 9003000
100 10 18.973665961010273 10 4541700
100 10 18.973665961010273 10 8424900
100 10 18.973665961010273 10 4178700
100 10 18.973665961010273 10 11241500
100 10 18.973665961010273 10 5668000
100 10 18.973665961010273 10 5090500
100 10 18.973665961010273 10 1208900
100 10 18.973665961010273 10 4801700
100 10 18.973665961010273 10 4741600
100 10 18.973665961010273 10 6761500
100 10 18.973665961010273 10 4166100
100 10 18.973665961010273 10 10086800
100 10 18.973665961010273 10 11830800
100 10 18.973665961010273 10 2636100
100 10 18.973665961010273 10 5702500
100 10 18.973665961010273 10 6834200
100 10 18.973665961010273 10 17140700
100 10 18.973665961010273 10 7060900
100 10 18.973665961010273 10 6205000
100 10 18.973665961010273 10 7103200
100 10 18.973665961010273 10 18355300
100 10 18.973665961010273 10 8629300
100 10 18.973665961010273 10 4831900
100 10 18.973665961010273 10 5460700
100 10 18.973665961010273 10 953200
100 10 18.973665961010273 10 25492900
100 10 18.973665961010273 10 14027700
100 10 18.973665961010273 10 15446900
100 10 18.973665961010273 10 19210900
100 10 18.973665961010273 10 12849900
100 10 18.973665961010273 10 22010100
100 10 18.973665961010273 10 24695400
100 10 18.973665961010273 10 13925600
100 10 18.973665961010273 10 27821400
100 10 18.973665961010273 10 2652300
100 10 18.973665961010273 10 9514900
100 10 18.973665961010273 10 19710300
100 10 18.973665961010273 10 15355100
100 10 18.973665961010273 10 9006800
100 10 18.973665961010273 10 14797100
100 10 18.973665961010273 10 3971400
100 10 18.973665961010273 10 7704000
100 10 18.973665961010273 10 19505400
100 10 18.973665961010273 10 4056200
100 10 18.973665961010273 10 4987100
100 10 18.973665961010273 10 4258600
100 10 18.973665961010273 10 1526600
100 10 18.973665961010273 10 10684800
100 10 18.973665961010273 10 9996100
100 10 18.973665961010273 10 20835900
100 10 18.973665961010273 10 32690000
100 10 18.973665961010273 10 30778200
100 10 18.973665961010273 10 22786100
100 10 18.973665961010273 10 4172800
100 10 18.973665961010273 10 19127900
100 10 18.973665961010273 10 37449200
100 10 18.973665961010273 10 27285400
100 10 18.973665961010273 10 3603100
100 10 18.973665961010273 10 430700
100 10 18.973665961010273 10 6610900
100 10 18.973665961010273 10 1913700
100 10 18.973665961010273 10 1192000
100 10 18.973665961010273 10 13361000
100 10 18.973665961010273 10 6506300
100 10 18.973665961010273 10 420600
100 10 18.973665961010273 10 13568300
100 10 18.973665961010273 10 10426700
100 10 18.973665961010273 10 4530000
100 10 18.973665961010273 10 3717500
100 10 18.973665961010273 10 4167300
100 10 18.973665961010273 10 2605000
100 10 18.973665961010273 10 806100
100 10 18.973665961010273 10 16908100
100 10 18.973665961010273 10 3321200
100 10 18.973665961010273 10 21775900
100 10 18.973665961010273 10 6810300
100 10 18.973665961010273 10 13289200
100 10 18.973665961010273 10 3545800
100 10 20.554804791094462 10 31702200
100 10 20.554804791094462 10 50829300
100 10 20.554804791094462 10 9800500
100 10 20.554804791094462 10 66510900
100 10 20.554804791094462 10 29315700
100 10 20.554804791094462 10 60627500
100 10 20.554804791094462 10 11843800
100 10 20.554804791094462 10 92256000
100 10 20.554804791094462 10 99845400
100 10 20.554804791094462 10 37774800
100 10 20.554804791094462 10 8549400
100 10 20.554804791094462 10 7726300
100 10 20.554804791094462 10 15156700
100 10 20.554804791094462 10 1082300
100 10 20.554804791094462 10 96384000
100 10 20.554804791094462 10 23630800
100 10 20.554804791094462 10 28009600
100 10 20.554804791094462 10 1215400
100 10 20.554804791094462 10 115865400
100 10 20.554804791094462 10 18055200
100 10 20.554804791094462 10 37756700
100 10 20.554804791094462 10 23736500
100 10 20.554804791094462 10 20894500
100 10 20.554804791094462 10 58345900
100 10 20.554804791094462 10 78492400
100 10 20.554804791094462 10 38939200
100 10 20.554804791094462 10 16031000
100 10 20.554804791094462 10 25248200
100 10 20.554804791094462 10 73531200
100 10 20.554804791094462 10 20353400
100 10 20.554804791094462 10 6640100
100 10 20.554804791094462 10 4654000
100 10 20.554804791094462 10 56235800
100 10 20.554804791094462 10 36535700
100 10 20.554804791094462 10 41466700
100 10 20.554804791094462 10 44858400
100 10 20.554804791094462 10 18248200
100 10 20.554804791094462 10 1489900
100 10 20.554804791094462 10 17889300
100 10 20.554804791094462 10 14014100
100 10 20.554804791094462 10 58067700
100 10 20.554804791094462 10 32569100
100 10 20.554804791094462 10 5169900
100 10 20.554804791094462 10 25168800
100 10 20.554804791094462 10 5464800
100 10 20.554804791094462 10 18198300
100 10 20.554804791094462 10 30863300
100 10 20.554804791094462 10 6248900
100 10 20.554804791094462 10 52256700
100 10 20.554804791094462 10 5960500
100 10 20.554804791094462 10 7948900
100 10 20.554804791094462 10 9367500
100 10 20.554804791094462 10 4896500
100 10 20.554804791094462 10 12157400
100 10 20.554804791094462 10 15085100
100 10 20.554804791094462 10 108647600
100 10 20.554804791094462 10 8643600
100 10 20.554804791094462 10 10755500
100 10 20.554804791094462 10 22888800
100 10 20.554804791094462 10 7727900
100 10 20.554804791094462 10 116165800
100 10 20.554804791094462 10 3239000
100 10 20.554804791094462 10 3917800
100 10 20.554804791094462 10 7816800
100 10 20.554804791094462 10 37701300
100 10 20.554804791094462 10 22333300
100 10 20.554804791094462 10 22709300
100 10 20.554804791094462 10 3799400
100 10 20.554804791094462 10 16882300
100 10 20.554804791094462 10 7396600
100 10 20.554804791094462 10 13214200
100 10 20.554804791094462 10 15819900
100 10 20.554804791094462 10 10801300
100 10 20.554804791094462 10 11522500
100 10 20.554804791094462 10 12831100
100 10 20.554804791094462 10 10939900
100 10 20.554804791094462 10 29274500
100 10 20.554804791094462 10 89886900
100 10 20.554804791094462 10 14708600
100 10 20.554804791094462 10 50991900
100 10 20.554804791094462 10 32177600
100 10 20.554804791094462 10 71019500
100 10 20.554804791094462 10 48782300
100 10 20.554804791094462 10 19706300
100 10 20.554804791094462 10 81637900
100 10 20.554804791094462 10 122083400
100 10 20.554804791094462 10 10490400
100 10 20.554804791094462 10 5222000
100 10 20.554804791094462 10 4821100
100 10 20.554804791094462 10 2001100
100 10 22.135943621178651 10 249507300
100 10 22.135943621178651 10 46427600
100 10 22.135943621178651 10 28713300
100 10 22.135943621178651 10 423834600
100 10 22.135943621178651 10 24374200
100 10 22.135943621178651 10 3737500
100 10 22.135943621178651 10 88450300
100 10 22.135943621178651 10 116586500
100 10 22.135943621178651 10 2943200
100 10 22.135943621178651 10 14846500
100 10 22.135943621178651 10 68823700
100 10 22.135943621178651 10 192857100
100 10 22.135943621178651 10 153724300
100 10 22.135943621178651 10 9909700
100 10 22.135943621178651 10 839016700
100 10 22.135943621178651 10 97365700
100 10 22.135943621178651 10 64057100
100 10 22.135943621178651 10 169945400
100 10 22.135943621178651 10 56727800
100 10 22.135943621178651 10 156285000
100 10 22.135943621178651 10 399862900
100 10 22.135943621178651 10 278478000
100 10 22.135943621178651 10 23386100
100 10 22.135943621178651 10 28657700
100 10 22.135943621178651 10 74446500
100 10 22.135943621178651 10 58742700
100 10 22.135943621178651 10 50816600
100 10 22.135943621178651 10 219120100
100 10 22.135943621178651 10 46947400
100 10 22.135943621178651 10 34656200
100 10 22.135943621178651 10 152052800
100 10 22.135943621178651 10 50925600
100 10 22.135943621178651 10 321225200
100 10 22.135943621178651 10 39432700
100 10 22.135943621178651 10 422015200
100 10 22.135943621178651 10 7257600
100 10 22.135943621178651 10 11914500
100 10 22.135943621178651 10 78712500
100 10 22.135943621178651 10 104059600
100 10 22.135943621178651 10 97603200
100 10 22.135943621178651 10 38236000
100 10 22.135943621178651 10 6266600
100 10 22.135943621178651 10 32958900
100 10 22.135943621178651 10 15096000
100 10 22.135943621178651 10 106116400
100 10 22.135943621178651 10 103991000
100 10 22.135943621178651 10 17552400
100 10 22.135943621178651 10 5812200
100 10 22.135943621178651 10 49745700
100 10 22.135943621178651 10 3774900
100 10 22.135943621178651 10 59596100
100 10 22.135943621178651 10 191220600
100 10 22.135943621178651 10 88985400
100 10 22.135943621178651 10 171524900
100 10 22.135943621178651 10 96357700
100 10 22.135943621178651 10 425195300
100 10 22.135943621178651 10 23220900
100 10 22.135943621178651 10 235325900
100 10 22.135943621178651 10 293478100
100 10 22.135943621178651 10 22971500
100 10 22.135943621178651 10 13258500
100 10 22.135943621178651 10 108278800
100 10 22.135943621178651 10 202977800
100 10 22.135943621178651 10 253789400
100 10 22.135943621178651 10 15716700
100 10 22.135943621178651 10 223884800
100 10 22.135943621178651 10 9229700
100 10 22.135943621178651 10 99634800
100 10 22.135943621178651 10 69696600
100 10 22.135943621178651 10 13143600
100 10 22.135943621178651 10 44179900
100 10 22.135943621178651 10 155221300
100 10 22.135943621178651 10 51959000
100 10 22.135943621178651 10 47778400
100 10 22.135943621178651 10 252747700
100 10 22.135943621178651 10 55712900
100 10 22.135943621178651 10 61968100
100 10 22.135943621178651 10 327392900
100 10 22.135943621178651 10 133418300
100 10 22.135943621178651 10 326338500
100 10 22.135943621178651 10 30501400
100 10 22.135943621178651 10 301678900
100 10 22.135943621178651 10 38463400
100 10 22.135943621178651 10 60050100
100 10 22.135943621178651 10 12908600
100 10 22.135943621178651 10 239657800
100 10 22.135943621178651 10 117735600
100 10 22.135943621178651 10 146581800
100 10 22.135943621178651 10 38177600
100 10 22.135943621178651 10 73575600
100 10 23.71708245126284 10 956094200
100 10 23.71708245126284 10 1730002600
100 10 23.71708245126284 10 932187100
100 10 23.71708245126284 10 46574200
100 10 23.71708245126284 10 1233129700
100 10 23.71708245126284 10 445518900
100 10 23.71708245126284 10 192926600
100 10 23.71708245126284 10 309115100
100 10 23.71708245126284 10 186645300
100 10 23.71708245126284 10 436864000
100 10 23.71708245126284 10 1022563500
100 10 23.71708245126284 10 140067700
100 10 23.71708245126284 10 944329900
100 10 23.71708245126284 10 155020300
100 10 23.71708245126284 10 523118100
100 10 23.71708245126284 10 279521800
100 10 23.71708245126284 10 820289900
100 10 23.71708245126284 10 159812200
100 10 23.71708245126284 10 234832400
100 10 23.71708245126284 10 1570200
100 10 23.71708245126284 10 218394400
100 10 23.71708245126284 10 1570073600
100 10 23.71708245126284 10 55886000
100 10 23.71708245126284 10 330589700
100 10 23.71708245126284 10 28838500
100 10 23.71708245126284 10 2077869400
100 10 23.71708245126284 10 3069700
100 10 23.71708245126284 10 300614000
100 10 23.71708245126284 10 8119100
100 10 23.71708245126284 10 380320600
100 10 23.71708245126284 10 6787000
100 10 23.71708245126284 10 938638600
100 10 23.71708245126284 10 508272100
100 10 23.71708245126284 10 325923400
100 10 23.71708245126284 10 328761300
100 10 23.71708245126284 10 711069400
100 10 23.71708245126284 10 281806400
100 10 23.71708245126284 10 735553500
100 10 23.71708245126284 10 51635900
100 10 23.71708245126284 10 617773800
100 10 23.71708245126284 10 105924800
100 10 23.71708245126284 10 285439900
100 10 23.71708245126284 10 564631300
100 10 23.71708245126284 10 264562100
100 10 23.71708245126284 10 106606500
100 10 23.71708245126284 10 285396800
100 10 23.71708245126284 10 73845100
100 10 23.71708245126284 10 279543900
100 10 23.71708245126284 10 51197100
100 10 23.71708245126284 10 186605800
100 10 23.71708245126284 10 268921500
100 10 23.71708245126284 10 203764100
100 10 23.71708245126284 10 311105700
100 10 23.71708245126284 10 253024900
100 10 23.71708245126284 10 52856900
100 10 23.71708245126284 10 155228200
100 10 23.71708245126284 10 217881600
100 10 23.71708245126284 10 507413400
100 10 23.71708245126284 10 349332400
100 10 23.71708245126284 10 195559900
100 10 23.71708245126284 10 534065400
100 10 23.71708245126284 10 208009500
100 10 23.71708245126284 10 773155100
100 10 23.71708245126284 10 1015671600
100 10 23.71708245126284 10 27275600
100 10 23.71708245126284 10 555881500
100 10 23.71708245126284 10 296540100
100 10 23.71708245126284 10 361888500
100 10 23.71708245126284 10 668145900
100 10 23.71708245126284 10 58275900
100 10 23.71708245126284 10 161401700
100 10 23.71708245126284 10 282291000
100 10 23.71708245126284 10 697631400
100 10 23.71708245126284 10 285570200
100 10 23.71708245126284 10 114484700
100 10 23.71708245126284 10 1078377400
100 10 23.71708245126284 10 118718300
100 10 23.71708245126284 10 595048300
100 10 23.71708245126284 10 166706300
100 10 23.71708245126284 10 1029926400
100 10 23.71708245126284 10 1346601500
100 10 23.71708245126284 10 339316000
100 10 23.71708245126284 10 445091600
100 10 23.71708245126284 10 582307500
100 10 23.71708245126284 10 14086100
100 10 23.71708245126284 10 45228600
100 10 23.71708245126284 10 484950300
100 10 23.71708245126284 10 217264800
100 10 23.71708245126284 10 742979200
100 10 23.71708245126284 10 167023300
